"","BF","PA","BK","R","AVG","OBP","SLG","OPS","BABIP","H2_rate","H3_rate","HR_rate"
"1",195,48,0,8,0.372093023255814,0.4375,0.581395348837209,1.01889534883721,0.405660377358491,0.1875,0,0.125
"2",48,8,0,5,0.5,0.875,0.5,1.375,0.368421052631579,0,0,0
"3",123,35,0,5,0.258064516129032,0.323529411764706,0.483870967741935,0.807400379506641,0.319294809010774,0.125,0,0.25
"4",181,45,0,5,0.225,0.311111111111111,0.275,0.586111111111111,0.273972602739726,0.222222222222222,0,0
"5",192,44,0,14,0.428571428571429,0.534883720930233,0.657142857142857,1.19202657807309,0.348045397225725,0.133333333333333,0,0.133333333333333
"6",105,28,0,7,0.388888888888889,0.607142857142857,0.666666666666667,1.27380952380952,0.333793103448276,0.285714285714286,0,0.142857142857143
"7",472,114,0,21,0.279569892473118,0.392857142857143,0.419354838709677,0.81221198156682,0.358695652173913,0.0384615384615385,0,0.153846153846154
"8",169,44,0,7,0.333333333333333,0.431818181818182,0.611111111111111,1.04292929292929,0.324675324675325,0.166666666666667,0.0833333333333333,0.166666666666667
"9",339,85,0,9,0.235294117647059,0.358024691358025,0.367647058823529,0.725671750181554,0.307553956834532,0.1875,0,0.125
"10",14,5,0,2,0.666666666666667,0.6,1,1.6,0.370179948586118,0.5,0,0
"11",120,32,0,3,0.214285714285714,0.3125,0.321428571428571,0.633928571428571,0.338947368421053,0,0,0.166666666666667
"12",444,111,0,18,0.288659793814433,0.369369369369369,0.505154639175258,0.874524008544627,0.347619047619048,0.142857142857143,0.0357142857142857,0.178571428571429
"13",198,51,0,6,0.214285714285714,0.34,0.261904761904762,0.601904761904762,0.358003442340792,0.222222222222222,0,0
"14",400,96,0,20,0.294871794871795,0.40625,0.512820512820513,0.919070512820513,0.304744525547445,0.0869565217391304,0,0.217391304347826
"15",202,50,0,3,0.127659574468085,0.142857142857143,0.212765957446809,0.355623100303951,0.30635838150289,0.666666666666667,0,0
"16",34,11,0,4,0.444444444444444,0.5,0.777777777777778,1.27777777777778,0.341085271317829,0.75,0,0
"17",368,84,0,7,0.279411764705882,0.409638554216867,0.397058823529412,0.806697377746279,0.344800625488663,0.157894736842105,0.0526315789473684,0.0526315789473684
"18",286,68,0,9,0.254545454545455,0.363636363636364,0.436363636363636,0.8,0.331444759206799,0.142857142857143,0.0714285714285714,0.142857142857143
"19",126,33,0,3,0.24,0.387096774193548,0.32,0.707096774193548,0.312775330396476,0.333333333333333,0,0
"20",142,32,0,5,0.214285714285714,0.3125,0.321428571428571,0.633928571428571,0.363321799307958,0,0,0.166666666666667
"21",209,57,0,4,0.235294117647059,0.315789473684211,0.392156862745098,0.707946336429309,0.363534675615213,0.166666666666667,0,0.166666666666667
"22",29,7,0,1,0.333333333333333,0.666666666666667,0.666666666666667,1.33333333333333,0.349593495934959,1,0,0
"23",180,44,0,5,0.297297297297297,0.409090909090909,0.486486486486487,0.895577395577396,0.27831715210356,0.363636363636364,0,0.0909090909090909
"24",36,11,0,3,0.428571428571429,0.636363636363636,0.571428571428571,1.20779220779221,0.272727272727273,0.333333333333333,0,0
"25",5,1,0,0,0,1,0,1,0.358208955223881,0,0,0
"26",568,142,0,16,0.258064516129032,0.338129496402878,0.435483870967742,0.77361336737062,0.356846473029046,0.125,0,0.1875
"27",528,141,0,18,0.31496062992126,0.359712230215827,0.393700787401575,0.753413017617402,0.322191780821918,0.175,0,0.025
"28",108,24,0,3,0.391304347826087,0.416666666666667,0.565217391304348,0.981884057971014,0.365384615384615,0.111111111111111,0,0.111111111111111
"29",104,29,0,10,0.416666666666667,0.448275862068966,0.708333333333333,1.1566091954023,0.358730158730159,0.1,0,0.2
"30",292,83,0,10,0.276315789473684,0.337349397590361,0.355263157894737,0.692612555485098,0.355263157894737,0.0476190476190476,0.0476190476190476,0.0476190476190476
"31",34,8,0,0,0.125,0.125,0.125,0.25,0.33695652173913,0,0,0
"32",273,73,0,5,0.228070175438596,0.375,0.280701754385965,0.655701754385965,0.353658536585366,0,0,0.0769230769230769
"33",526,142,1,15,0.252032520325203,0.333333333333333,0.365853658536585,0.699186991869919,0.31390134529148,0.161290322580645,0,0.0967741935483871
"34",38,10,1,1,0.25,0.333333333333333,0.25,0.583333333333333,0.299319727891156,0,0,0
"35",111,31,0,5,0.413793103448276,0.451612903225806,0.413793103448276,0.865406006674082,0.394594594594595,0,0,0
"36",327,88,1,7,0.265822784810127,0.325581395348837,0.40506329113924,0.730644686488078,0.334545454545455,0.0952380952380952,0,0.142857142857143
"37",275,72,0,7,0.222222222222222,0.309859154929577,0.396825396825397,0.706684551754974,0.367387033398821,0.214285714285714,0.0714285714285714,0.142857142857143
"38",163,37,0,6,0.464285714285714,0.514285714285714,0.5,1.01428571428571,0.359464627151052,0.0769230769230769,0,0
"39",60,17,0,1,0.1875,0.235294117647059,0.3125,0.547794117647059,0.344827586206897,0.666666666666667,0,0
"40",52,14,0,1,0.142857142857143,0.142857142857143,0.142857142857143,0.285714285714286,0.343820224719101,0,0,0
"41",379,87,0,12,0.306666666666667,0.402298850574713,0.533333333333333,0.935632183908046,0.33652312599681,0.217391304347826,0,0.173913043478261
"42",176,50,1,11,0.282051282051282,0.391304347826087,0.333333333333333,0.72463768115942,0.339066339066339,0.181818181818182,0,0
"43",294,73,0,11,0.303030303030303,0.361111111111111,0.439393939393939,0.80050505050505,0.306451612903226,0.3,0,0.05
"44",205,49,0,7,0.266666666666667,0.291666666666667,0.377777777777778,0.669444444444445,0.343598055105348,0.166666666666667,0,0.0833333333333333
"45",92,25,0,7,0.45,0.56,0.65,1.21,0.383886255924171,0.222222222222222,0.111111111111111,0
"46",286,75,0,11,0.307692307692308,0.386666666666667,0.446153846153846,0.832820512820513,0.405594405594406,0.2,0.05,0.05
"47",102,23,0,3,0.4,0.478260869565217,0.7,1.17826086956522,0.350710900473934,0,0,0.25
"48",482,115,0,16,0.223404255319149,0.350877192982456,0.351063829787234,0.70194102276969,0.301587301587302,0.19047619047619,0.0476190476190476,0.0952380952380952
"49",409,96,0,9,0.244186046511628,0.308510638297872,0.337209302325581,0.645719940623454,0.340857787810384,0.142857142857143,0.0476190476190476,0.0476190476190476
"50",216,53,0,6,0.326530612244898,0.377358490566038,0.571428571428571,0.948787061994609,0.334146341463415,0.125,0.125,0.125
"51",279,69,0,4,0.178571428571429,0.333333333333333,0.267857142857143,0.601190476190476,0.351906158357771,0.5,0,0
"52",8,3,0,0,0,0,0,0,0.337765957446808,0,0,0
"53",98,23,0,2,0.3,0.391304347826087,0.35,0.741304347826087,0.397683397683398,0.166666666666667,0,0
"54",143,38,0,5,0.235294117647059,0.297297297297297,0.441176470588235,0.738473767885533,0.320113314447592,0.125,0,0.25
"55",196,45,0,7,0.243243243243243,0.377777777777778,0.27027027027027,0.648048048048048,0.296127562642369,0.111111111111111,0,0
"56",96,28,0,4,0.32,0.357142857142857,0.56,0.917142857142857,0.281115879828326,0.125,0.125,0.125
"57",129,33,0,7,0.357142857142857,0.424242424242424,0.678571428571429,1.10281385281385,0.331908831908832,0.1,0.1,0.2
"58",102,25,0,7,0.45,0.521739130434783,0.5,1.02173913043478,0.325657894736842,0.111111111111111,0,0
"59",194,52,0,5,0.311111111111111,0.38,0.422222222222222,0.802222222222222,0.364444444444444,0.214285714285714,0.0714285714285714,0
"60",106,30,0,7,0.407407407407407,0.466666666666667,0.481481481481481,0.948148148148148,0.317073170731707,0.181818181818182,0,0
"61",305,79,0,10,0.257575757575758,0.350649350649351,0.409090909090909,0.75974025974026,0.333333333333333,0.235294117647059,0,0.117647058823529
"62",575,154,0,22,0.326388888888889,0.357615894039735,0.465277777777778,0.822893671817513,0.330211927057664,0.297872340425532,0,0.0425531914893617
"63",335,86,0,16,0.310810810810811,0.383720930232558,0.459459459459459,0.843180389692018,0.3125,0.0869565217391304,0,0.130434782608696
"64",175,45,0,11,0.333333333333333,0.477272727272727,0.606060606060606,1.08333333333333,0.286363636363636,0.0909090909090909,0.0909090909090909,0.181818181818182
"65",117,30,0,0,0.115384615384615,0.206896551724138,0.153846153846154,0.360742705570292,0.272727272727273,0.333333333333333,0,0
"66",189,50,0,4,0.204545454545455,0.285714285714286,0.295454545454545,0.581168831168831,0.350961538461538,0.111111111111111,0,0.111111111111111
"67",427,119,0,8,0.229357798165138,0.277310924369748,0.26605504587156,0.543365970241308,0.326170376055257,0.16,0,0
"68",143,37,0,6,0.3125,0.405405405405405,0.46875,0.874155405405405,0.3486529318542,0.2,0,0.1
"69",155,40,0,7,0.28125,0.425,0.40625,0.83125,0.303317535545024,0.111111111111111,0,0.111111111111111
"70",38,11,0,2,0.333333333333333,0.4,0.333333333333333,0.733333333333333,0.273858921161826,0,0,0
"71",63,19,0,0,0.277777777777778,0.315789473684211,0.277777777777778,0.593567251461988,0.295081967213115,0,0,0
"72",34,9,0,3,0.333333333333333,0.333333333333333,0.666666666666667,1,0.285714285714286,0,0,0.333333333333333
"73",86,16,0,3,0.222222222222222,0.5,0.222222222222222,0.722222222222222,0.338160136286201,0,0,0
"74",218,51,0,9,0.317073170731707,0.450980392156863,0.463414634146341,0.914395026303204,0.348127600554785,0.230769230769231,0,0.0769230769230769
"75",388,106,0,11,0.276595744680851,0.352380952380952,0.361702127659574,0.714083080040527,0.354545454545455,0,0.0384615384615385,0.0769230769230769
"76",417,91,0,7,0.22972972972973,0.352272727272727,0.310810810810811,0.663083538083538,0.331292517006803,0.352941176470588,0,0
"77",178,48,0,8,0.282051282051282,0.382978723404255,0.333333333333333,0.716312056737589,0.326693227091633,0.181818181818182,0,0
"78",1,1,0,0,0,0,0,0,0.24,0,0,0
"79",629,154,0,28,0.298507462686567,0.376623376623377,0.552238805970149,0.928862182593526,0.295361127422196,0.15,0.05,0.2
"80",526,139,0,14,0.259842519685039,0.313868613138686,0.354330708661417,0.668199321800103,0.323069852941176,0.0909090909090909,0,0.0909090909090909
"81",45,11,0,2,0.285714285714286,0.545454545454545,0.714285714285714,1.25974025974026,0.348837209302326,0,0,0.5
"82",135,31,0,3,0.391304347826087,0.516129032258065,0.565217391304348,1.08134642356241,0.344262295081967,0.111111111111111,0,0.111111111111111
"83",156,38,0,9,0.285714285714286,0.416666666666667,0.428571428571429,0.845238095238095,0.346260387811634,0.125,0,0.125
"84",206,58,0,5,0.267857142857143,0.293103448275862,0.339285714285714,0.632389162561576,0.32807570977918,0.0666666666666667,0,0.0666666666666667
"85",227,54,0,3,0.229166666666667,0.30188679245283,0.291666666666667,0.593553459119497,0.364928909952607,0.272727272727273,0,0
"86",203,48,0,6,0.390243902439024,0.458333333333333,0.536585365853659,0.994918699186992,0.35361216730038,0.1875,0,0.0625
"87",137,34,0,2,0.310344827586207,0.382352941176471,0.551724137931034,0.934077079107505,0.33125,0.111111111111111,0,0.222222222222222
"88",254,56,0,7,0.28,0.357142857142857,0.32,0.677142857142857,0.33757225433526,0.142857142857143,0,0
"89",148,41,0,6,0.324324324324324,0.390243902439024,0.513513513513513,0.903757415952538,0.407079646017699,0.0833333333333333,0,0.166666666666667
"90",373,98,0,7,0.244444444444444,0.298969072164948,0.366666666666667,0.665635738831615,0.323215289488477,0,0.0454545454545455,0.136363636363636
"91",300,77,0,11,0.262295081967213,0.391891891891892,0.426229508196721,0.818121400088613,0.27007299270073,0.125,0.0625,0.125
"92",332,82,0,18,0.342465753424658,0.414634146341463,0.561643835616438,0.976277981957902,0.323976608187135,0.16,0,0.16
"93",146,40,0,10,0.361111111111111,0.384615384615385,0.638888888888889,1.02350427350427,0.322538860103627,0.384615384615385,0.0769230769230769,0.0769230769230769
"94",584,158,0,12,0.232394366197183,0.285714285714286,0.330985915492958,0.616700201207243,0.290829694323144,0.242424242424242,0,0.0606060606060606
"95",106,24,0,5,0.318181818181818,0.291666666666667,0.409090909090909,0.700757575757576,0.322429906542056,0.285714285714286,0,0
"96",20,4,0,0,0,0.666666666666667,0,0.666666666666667,0.290697674418605,0,0,0
"97",496,133,0,16,0.241666666666667,0.315789473684211,0.316666666666667,0.632456140350877,0.328193832599119,0.103448275862069,0,0.0689655172413793
"98",111,29,0,3,0.222222222222222,0.25,0.407407407407407,0.657407407407407,0.315441176470588,0.333333333333333,0,0.166666666666667
"99",196,48,0,6,0.175,0.3125,0.25,0.5625,0.336734693877551,0.428571428571429,0,0
"100",123,27,0,2,0.217391304347826,0.296296296296296,0.217391304347826,0.513687600644122,0.34070796460177,0,0,0
"101",234,62,0,6,0.214285714285714,0.290322580645161,0.303571428571429,0.59389400921659,0.296718972895863,0.166666666666667,0,0.0833333333333333
"102",165,47,0,1,0.131578947368421,0.297872340425532,0.236842105263158,0.53471444568869,0.186046511627907,0.2,0,0.2
"103",170,36,1,0,0.161290322580645,0.277777777777778,0.225806451612903,0.503584229390681,0.314220183486239,0.4,0,0
"104",90,27,0,0,0.25,0.333333333333333,0.291666666666667,0.625,0.356363636363636,0.166666666666667,0,0
"105",500,123,0,10,0.265486725663717,0.319672131147541,0.36283185840708,0.682503989554621,0.317269076305221,0.0666666666666667,0,0.1
"106",15,4,0,3,0.5,0.75,2,2.75,0.272727272727273,0,0,1
"107",38,11,0,2,0.444444444444444,0.454545454545455,0.555555555555556,1.01010101010101,0.29987293519695,0.25,0,0
"108",498,125,0,8,0.198275862068966,0.24,0.25,0.49,0.282184655396619,0.130434782608696,0,0.0434782608695652
"109",227,59,0,12,0.509433962264151,0.551724137931034,0.754716981132076,1.30644111906311,0.30561555075594,0.296296296296296,0.037037037037037,0.037037037037037
"110",286,74,0,4,0.140625,0.232876712328767,0.1875,0.420376712328767,0.291970802919708,0.111111111111111,0.111111111111111,0
"111",505,134,0,11,0.245614035087719,0.345864661654135,0.368421052631579,0.714285714285714,0.312305295950156,0.214285714285714,0.0357142857142857,0.0714285714285714
"112",208,51,0,5,0.270833333333333,0.313725490196078,0.416666666666667,0.730392156862745,0.333965844402277,0.153846153846154,0.0769230769230769,0.0769230769230769
"113",185,48,0,8,0.342105263157895,0.425531914893617,0.473684210526316,0.899216125419933,0.332167832167832,0.230769230769231,0.0769230769230769,0
"114",122,31,0,0,0.153846153846154,0.290322580645161,0.153846153846154,0.444168734491315,0.326086956521739,0,0,0
"115",486,130,0,15,0.280701754385965,0.349206349206349,0.359649122807018,0.708855472013367,0.320437670965221,0.125,0.03125,0.03125
"116",166,47,0,2,0.232558139534884,0.297872340425532,0.302325581395349,0.600197921820881,0.321428571428571,0,0,0.1
"117",202,55,0,5,0.207547169811321,0.236363636363636,0.39622641509434,0.632590051457976,0.313131313131313,0.181818181818182,0.0909090909090909,0.181818181818182
"118",513,126,0,10,0.214953271028037,0.333333333333333,0.327102803738318,0.660436137071651,0.305204648812532,0.260869565217391,0,0.0869565217391304
"119",95,21,0,1,0.105263157894737,0.19047619047619,0.263157894736842,0.453634085213033,0.269633507853403,0,0,0.5
"120",172,47,0,3,0.27027027027027,0.386363636363636,0.405405405405405,0.791769041769042,0.304704595185996,0.2,0,0.1
"121",479,136,0,16,0.220472440944882,0.257352941176471,0.291338582677165,0.548691523853636,0.325358851674641,0.107142857142857,0,0.0714285714285714
"122",192,53,0,5,0.270833333333333,0.320754716981132,0.3125,0.633254716981132,0.280748663101604,0.153846153846154,0,0
"123",488,131,0,12,0.23728813559322,0.307692307692308,0.288135593220339,0.595827900912647,0.323436512950095,0.107142857142857,0,0.0357142857142857
"124",234,60,0,4,0.277777777777778,0.35,0.425925925925926,0.775925925925926,0.306,0.133333333333333,0,0.133333333333333
"125",66,16,0,6,0.466666666666667,0.5,0.733333333333333,1.23333333333333,0.347058823529412,0.142857142857143,0,0.142857142857143
"126",131,30,0,4,0.259259259259259,0.3,0.407407407407407,0.707407407407407,0.319083969465649,0.142857142857143,0,0.142857142857143
"127",101,28,0,9,0.416666666666667,0.481481481481481,1.20833333333333,1.68981481481481,0.32725321888412,0.1,0,0.6
"128",118,26,0,3,0.125,0.44,0.3125,0.7525,0.272727272727273,0,0,0.5
"129",159,45,0,6,0.257142857142857,0.357142857142857,0.371428571428571,0.728571428571429,0.296762589928058,0.111111111111111,0,0.111111111111111
"130",66,16,0,1,0.285714285714286,0.375,0.357142857142857,0.732142857142857,0.339350180505415,0.25,0,0
"131",176,44,0,0,0.0833333333333333,0.232558139534884,0.111111111111111,0.343669250645995,0.309477756286267,0.333333333333333,0,0
"132",604,154,0,13,0.23021582733813,0.294117647058824,0.366906474820144,0.661024121878967,0.316349809885932,0.125,0,0.15625
"133",15,5,0,1,0.25,0.4,1,1.4,0.316753926701571,0,0,1
"134",162,48,0,11,0.428571428571429,0.5,0.595238095238095,1.0952380952381,0.3184421534937,0.388888888888889,0,0
"135",148,33,0,5,0.310344827586207,0.393939393939394,0.620689655172414,1.01462904911181,0.269598470363289,0.333333333333333,0,0.222222222222222
"136",2,1,0,0,0,1,0,1,0.268382352941176,0,0,0
"137",506,139,1,12,0.229508196721311,0.318840579710145,0.344262295081967,0.663102874792112,0.305418719211823,0.178571428571429,0,0.107142857142857
"138",256,66,0,14,0.392156862745098,0.484848484848485,0.529411764705882,1.01426024955437,0.395833333333333,0.2,0,0.05
"139",14,4,0,0,0.25,0.25,0.25,0.5,0.377622377622378,0,0,0
"140",145,35,0,4,0.258064516129032,0.342857142857143,0.451612903225806,0.794470046082949,0.25,0.375,0,0.125
"141",147,36,0,5,0.242424242424242,0.305555555555556,0.393939393939394,0.69949494949495,0.343137254901961,0.25,0,0.125
"142",497,130,0,14,0.231404958677686,0.269230769230769,0.396694214876033,0.665924984106802,0.316209476309227,0.178571428571429,0,0.178571428571429
"143",123,25,0,4,0.238095238095238,0.36,0.238095238095238,0.598095238095238,0.311111111111111,0,0,0
"144",59,13,0,2,0.416666666666667,0.461538461538462,0.5,0.961538461538462,0.5,0.2,0,0
"145",288,75,0,16,0.347826086956522,0.378378378378378,0.507246376811594,0.885624755189973,0.365358592692828,0,0.0416666666666667,0.125
"146",328,78,0,8,0.196969696969697,0.285714285714286,0.287878787878788,0.573593073593074,0.312098991750687,0.230769230769231,0,0.0769230769230769
"147",137,34,0,1,0.3125,0.352941176470588,0.375,0.727941176470588,0.309895833333333,0.2,0,0
"148",245,60,0,8,0.339285714285714,0.383333333333333,0.428571428571429,0.811904761904762,0.335380835380835,0.105263157894737,0,0.0526315789473684
"149",223,49,0,10,0.341463414634146,0.428571428571429,0.609756097560976,1.0383275261324,0.321928460342146,0.357142857142857,0,0.142857142857143
"150",158,38,0,3,0.25,0.289473684210526,0.416666666666667,0.706140350877193,0.375510204081633,0,0,0.222222222222222
"151",95,27,0,9,0.391304347826087,0.461538461538462,1,1.46153846153846,0.313274336283186,0,0.111111111111111,0.444444444444444
"152",77,21,0,1,0.266666666666667,0.421052631578947,0.266666666666667,0.687719298245614,0.303754266211604,0,0,0
"153",136,33,0,3,0.24,0.424242424242424,0.32,0.744242424242424,0.235294117647059,0.333333333333333,0,0
"154",442,130,0,8,0.298387096774194,0.3046875,0.411290322580645,0.715977822580645,0.310734463276836,0.216216216216216,0,0.0540540540540541
"155",203,57,0,8,0.333333333333333,0.368421052631579,0.444444444444444,0.812865497076023,0.336633663366337,0.333333333333333,0,0
"156",559,153,0,15,0.296551724137931,0.328947368421053,0.43448275862069,0.763430127041742,0.332452081956378,0.186046511627907,0,0.0930232558139535
"157",189,44,0,9,0.305555555555556,0.404761904761905,0.5,0.904761904761905,0.365853658536585,0.0909090909090909,0,0.181818181818182
"158",317,85,0,9,0.275,0.317647058823529,0.4125,0.730147058823529,0.345498783454988,0.0909090909090909,0,0.136363636363636
"159",493,112,0,14,0.236559139784946,0.351351351351351,0.365591397849462,0.716942749200814,0.255813953488372,0.136363636363636,0,0.136363636363636
"160",128,28,0,5,0.28,0.321428571428571,0.64,0.961428571428572,0.288372093023256,0.428571428571429,0,0.285714285714286
"161",67,17,0,3,0.25,0.294117647058824,0.5,0.794117647058824,0.330188679245283,0.25,0,0.25
"162",200,52,0,6,0.282608695652174,0.365384615384615,0.326086956521739,0.691471571906354,0.339593114241002,0,0.0769230769230769,0
"163",333,92,0,16,0.337349397590361,0.384615384615385,0.469879518072289,0.854494902687674,0.383720930232558,0.285714285714286,0,0.0357142857142857
"164",173,47,0,4,0.260869565217391,0.25531914893617,0.347826086956522,0.603145235892692,0.361266294227188,0.166666666666667,0.0833333333333333,0
"165",227,61,0,7,0.280701754385965,0.311475409836066,0.43859649122807,0.750071901064136,0.32398316970547,0.1875,0,0.125
"166",155,40,0,10,0.264705882352941,0.375,0.470588235294118,0.845588235294118,0.368421052631579,0.111111111111111,0,0.222222222222222
"167",285,77,0,18,0.387096774193548,0.493506493506494,0.67741935483871,1.1709258483452,0.319294809010774,0.125,0,0.208333333333333
"168",4,1,0,1,0,1,0,1,0.273972602739726,0,0,0
"169",541,146,3,18,0.287878787878788,0.340277777777778,0.401515151515151,0.741792929292929,0.329700272479564,0.157894736842105,0,0.0789473684210526
"170",45,12,0,4,0.5,0.5,0.5,1,0.348045397225725,0,0,0
"171",92,23,0,5,0.294117647058824,0.478260869565217,0.411764705882353,0.89002557544757,0.319303338171263,0.4,0,0
"172",164,36,0,14,0.428571428571429,0.628571428571429,0.619047619047619,1.24761904761905,0.358695652173913,0,0.222222222222222,0
"173",131,37,0,9,0.366666666666667,0.444444444444444,0.8,1.24444444444444,0.324675324675325,0.0909090909090909,0,0.363636363636364
"174",362,88,0,11,0.329113924050633,0.35632183908046,0.392405063291139,0.748726902371599,0.307553956834532,0.192307692307692,0,0
"175",63,17,0,8,0.5,0.588235294117647,0.642857142857143,1.23109243697479,0.370179948586118,0.285714285714286,0,0
"176",294,71,0,14,0.365384615384615,0.52112676056338,0.615384615384615,1.136511375948,0.338947368421053,0.105263157894737,0.0526315789473684,0.157894736842105
"177",436,110,0,12,0.268041237113402,0.342592592592593,0.309278350515464,0.651870943108056,0.347619047619048,0.153846153846154,0,0
"178",349,90,0,20,0.342465753424658,0.454545454545455,0.63013698630137,1.08468244084682,0.358003442340792,0.12,0,0.24
"179",276,76,0,8,0.26984126984127,0.373333333333333,0.333333333333333,0.706666666666667,0.304744525547445,0.0588235294117647,0,0.0588235294117647
"180",62,18,0,4,0.333333333333333,0.444444444444444,0.4,0.844444444444444,0.35632183908046,0.2,0,0
"181",275,68,1,5,0.236363636363636,0.34375,0.381818181818182,0.725568181818182,0.30635838150289,0,0.0769230769230769,0.153846153846154
"182",10,4,0,3,1,1,1.33333333333333,2.33333333333333,0.341085271317829,0.333333333333333,0,0
"183",339,84,1,11,0.314285714285714,0.404761904761905,0.342857142857143,0.747619047619048,0.344800625488663,0.0909090909090909,0,0
"184",35,7,0,1,0.333333333333333,0.428571428571429,0.666666666666667,1.0952380952381,0.402777777777778,1,0,0
"185",179,47,0,17,0.51219512195122,0.543478260869565,0.780487804878049,1.32396606574761,0.331444759206799,0.0952380952380952,0,0.142857142857143
"186",157,42,0,8,0.361111111111111,0.452380952380952,0.527777777777778,0.98015873015873,0.312775330396476,0.230769230769231,0,0.0769230769230769
"187",175,43,0,3,0.277777777777778,0.357142857142857,0.388888888888889,0.746031746031746,0.363321799307958,0.1,0,0.1
"188",258,62,0,10,0.314814814814815,0.403225806451613,0.425925925925926,0.829151732377539,0.363534675615213,0.176470588235294,0,0.0588235294117647
"189",50,11,0,3,0.5,0.8,1.25,2.05,0.333333333333333,0,0,0.5
"190",286,82,0,10,0.264705882352941,0.37037037037037,0.455882352941176,0.826252723311547,0.272727272727273,0.111111111111111,0.0555555555555556,0.166666666666667
"191",67,14,0,2,0.181818181818182,0.357142857142857,0.272727272727273,0.62987012987013,0.352226720647773,0.5,0,0
"192",74,19,0,5,0.3125,0.388888888888889,0.75,1.13888888888889,0.307692307692308,0.2,0,0.4
"193",501,127,0,15,0.306306306306306,0.365079365079365,0.468468468468468,0.833547833547833,0.356846473029046,0.176470588235294,0,0.117647058823529
"194",556,137,0,10,0.214285714285714,0.277372262773723,0.301587301587302,0.578959564361024,0.322191780821918,0.148148148148148,0.0740740740740741,0.037037037037037
"195",206,54,0,1,0.229166666666667,0.30188679245283,0.229166666666667,0.531053459119497,0.365384615384615,0,0,0
"196",78,27,0,6,0.291666666666667,0.37037037037037,0.458333333333333,0.828703703703704,0.428571428571429,0.142857142857143,0,0.142857142857143
"197",126,33,1,10,0.44,0.53125,0.72,1.25125,0.33695652173913,0.0909090909090909,0,0.181818181818182
"198",246,69,0,23,0.457627118644068,0.529411764705882,0.779661016949153,1.30907278165503,0.353658536585366,0.148148148148148,0,0.185185185185185
"199",639,169,0,26,0.270967741935484,0.31547619047619,0.412903225806452,0.728379416282642,0.31390134529148,0.214285714285714,0.0476190476190476,0.0714285714285714
"200",305,75,0,12,0.293103448275862,0.445945945945946,0.448275862068966,0.894221808014911,0.299319727891156,0.117647058823529,0.117647058823529,0.0588235294117647
"201",180,46,0,3,0.27906976744186,0.326086956521739,0.348837209302326,0.674924165824065,0.394594594594595,0,0,0.0833333333333333
"202",418,104,0,20,0.3,0.378640776699029,0.566666666666667,0.945307443365696,0.334545454545455,0.185185185185185,0.0740740740740741,0.185185185185185
"203",244,61,0,13,0.381818181818182,0.442622950819672,0.545454545454545,0.988077496274218,0.367387033398821,0.142857142857143,0,0.0952380952380952
"204",177,42,0,5,0.212121212121212,0.365853658536585,0.303030303030303,0.668883961566888,0.359464627151052,0.142857142857143,0.142857142857143,0
"205",121,32,0,2,0.25,0.34375,0.464285714285714,0.808035714285714,0.28125,0.428571428571429,0,0.142857142857143
"206",92,23,0,5,0.363636363636364,0.347826086956522,0.772727272727273,1.12055335968379,0.344827586206897,0.125,0.125,0.25
"207",27,8,0,0,0.285714285714286,0.375,0.285714285714286,0.660714285714286,0.343820224719101,0,0,0
"208",209,55,0,13,0.395833333333333,0.444444444444444,0.583333333333333,1.02777777777778,0.33652312599681,0.0526315789473684,0.0526315789473684,0.105263157894737
"209",8,1,0,0,0,1,0,1,0.347107438016529,0,0,0
"210",156,36,1,11,0.44,0.571428571428571,0.64,1.21142857142857,0.339066339066339,0.181818181818182,0,0.0909090909090909
"211",329,82,1,8,0.226666666666667,0.292682926829268,0.306666666666667,0.599349593495935,0.306451612903226,0.176470588235294,0,0.0588235294117647
"212",212,50,0,3,0.212765957446809,0.244897959183673,0.319148936170213,0.564046895353886,0.343598055105348,0.2,0,0.1
"213",235,62,0,8,0.195652173913043,0.383333333333333,0.369565217391304,0.752898550724638,0.383886255924171,0.222222222222222,0,0.222222222222222
"214",111,30,0,5,0.217391304347826,0.366666666666667,0.521739130434783,0.888405797101449,0.350710900473934,0.2,0,0.4
"215",469,116,0,19,0.281553398058252,0.342105263157895,0.388349514563107,0.730454777721002,0.301587301587302,0.206896551724138,0.0344827586206897,0.0344827586206897
"216",453,112,0,24,0.365384615384615,0.405405405405405,0.634615384615385,1.04002079002079,0.340857787810384,0.210526315789474,0.0263157894736842,0.157894736842105
"217",95,25,0,4,0.227272727272727,0.32,0.454545454545455,0.774545454545455,0.334146341463415,0,0.2,0.2
"218",89,25,0,6,0.315789473684211,0.48,0.421052631578947,0.901052631578947,0.372093023255814,0.333333333333333,0,0
"219",141,44,0,7,0.351351351351351,0.404761904761905,0.594594594594595,0.999356499356499,0.351906158357771,0.307692307692308,0.0769230769230769,0.0769230769230769
"220",148,35,0,5,0.3125,0.371428571428571,0.53125,0.902678571428571,0.337765957446808,0.4,0,0.1
"221",150,40,0,2,0.111111111111111,0.2,0.222222222222222,0.422222222222222,0.320113314447592,0.25,0,0.25
"222",83,23,0,4,0.227272727272727,0.260869565217391,0.681818181818182,0.942687747035573,0.25,0.2,0,0.6
"223",67,18,0,3,0.230769230769231,0.333333333333333,0.307692307692308,0.641025641025641,0.296127562642369,0.333333333333333,0,0
"224",10,2,0,1,0,0.5,0,0.5,0.281115879828326,0,0,0
"225",22,4,0,4,1,1,2.5,3.5,0.294117647058824,0,0,0.5
"226",223,54,0,7,0.181818181818182,0.296296296296296,0.25,0.546296296296296,0.325657894736842,0,0,0.125
"227",229,57,0,3,0.22,0.315789473684211,0.22,0.53578947368421,0.364444444444444,0,0,0
"228",93,26,0,8,0.48,0.5,0.64,1.14,0.317073170731707,0.0833333333333333,0,0.0833333333333333
"229",426,110,0,17,0.306818181818182,0.429906542056075,0.375,0.804906542056075,0.333333333333333,0.222222222222222,0,0
"230",480,142,0,17,0.335820895522388,0.354609929078014,0.455223880597015,0.809833809675029,0.330211927057664,0.2,0.0444444444444444,0.0222222222222222
"231",409,106,0,10,0.208333333333333,0.283018867924528,0.34375,0.626768867924528,0.3125,0.2,0,0.15
"232",406,102,0,15,0.27710843373494,0.396039603960396,0.349397590361446,0.745437194321842,0.286363636363636,0.130434782608696,0,0.0434782608695652
"233",230,65,0,6,0.215686274509804,0.34375,0.294117647058824,0.637867647058824,0.272727272727273,0.181818181818182,0.0909090909090909,0
"234",49,13,0,1,0.25,0.230769230769231,0.416666666666667,0.647435897435897,0.350961538461538,0.666666666666667,0,0
"235",208,61,0,16,0.481481481481481,0.533333333333333,0.703703703703704,1.23703703703704,0.326170376055257,0.115384615384615,0,0.115384615384615
"236",207,51,0,9,0.333333333333333,0.431372549019608,0.5,0.931372549019608,0.3486529318542,0.285714285714286,0,0.0714285714285714
"237",58,12,0,0,0.333333333333333,0.333333333333333,0.416666666666667,0.75,0.303317535545024,0.25,0,0
"238",64,16,0,2,0.357142857142857,0.4375,0.5,0.9375,0.296,0.4,0,0
"239",203,51,0,2,0.204545454545455,0.313725490196078,0.295454545454545,0.609180035650624,0.273858921161826,0.111111111111111,0,0.111111111111111
"240",69,19,0,5,0.266666666666667,0.421052631578947,0.4,0.821052631578947,0.295081967213115,0.5,0,0
"241",123,30,0,6,0.2,0.333333333333333,0.48,0.813333333333333,0.301801801801802,0.2,0,0.4
"242",63,16,0,5,0.357142857142857,0.4375,0.857142857142857,1.29464285714286,0.338160136286201,0.2,0,0.4
"243",83,19,0,2,0.125,0.263157894736842,0.1875,0.450657894736842,0.316326530612245,0.5,0,0
"244",307,75,0,6,0.169230769230769,0.256756756756757,0.276923076923077,0.533679833679834,0.348127600554785,0.363636363636364,0,0.0909090909090909
"245",281,79,0,31,0.483870967741935,0.556962025316456,0.854838709677419,1.41180073499388,0.354545454545455,0.1,0.0333333333333333,0.2
"246",451,116,0,23,0.38,0.4375,0.6,1.0375,0.331292517006803,0.184210526315789,0,0.131578947368421
"247",131,36,0,7,0.342857142857143,0.342857142857143,0.542857142857143,0.885714285714286,0.326693227091633,0.333333333333333,0,0.0833333333333333
"248",54,13,0,6,0.333333333333333,0.538461538461538,0.666666666666667,1.20512820512821,0.24,0,0,0.333333333333333
"249",521,139,0,12,0.2109375,0.266187050359712,0.3046875,0.570874550359712,0.295361127422196,0.111111111111111,0,0.111111111111111
"250",528,133,1,13,0.264957264957265,0.340909090909091,0.384615384615385,0.725524475524476,0.323069852941176,0.0645161290322581,0,0.129032258064516
"251",107,27,0,1,0.25,0.333333333333333,0.25,0.583333333333333,0.348837209302326,0,0,0
"252",115,32,0,4,0.266666666666667,0.3125,0.433333333333333,0.745833333333333,0.344262295081967,0.25,0,0.125
"253",59,17,0,7,0.4375,0.470588235294118,0.75,1.22058823529412,0.346260387811634,0,0.142857142857143,0.142857142857143
"254",195,51,0,7,0.319148936170213,0.372549019607843,0.617021276595745,0.989570296203588,0.32807570977918,0.133333333333333,0,0.266666666666667
"255",178,37,0,5,0.314285714285714,0.351351351351351,0.628571428571429,0.97992277992278,0.364928909952607,0.454545454545455,0,0.181818181818182
"256",86,19,0,6,0.538461538461538,0.684210526315789,0.769230769230769,1.45344129554656,0.35361216730038,0,0,0.142857142857143
"257",121,32,0,1,0.222222222222222,0.32258064516129,0.222222222222222,0.544802867383513,0.33125,0,0,0
"258",48,10,0,1,0.444444444444444,0.5,0.555555555555556,1.05555555555556,0.30939226519337,0.25,0,0
"259",246,61,0,15,0.384615384615385,0.459016393442623,0.615384615384615,1.07440100882724,0.33757225433526,0.15,0,0.15
"260",52,12,0,2,0.272727272727273,0.333333333333333,0.363636363636364,0.696969696969697,0.368794326241135,0.333333333333333,0,0
"261",17,5,0,0,0.5,0.6,0.5,1.1,0.407079646017699,0,0,0
"262",514,133,0,18,0.282051282051282,0.363636363636364,0.393162393162393,0.756798756798757,0.323215289488477,0.121212121212121,0,0.0909090909090909
"263",242,65,0,8,0.258620689655172,0.338461538461538,0.517241379310345,0.855702917771883,0.27007299270073,0.2,0,0.266666666666667
"264",479,126,0,16,0.236363636363636,0.317460317460317,0.363636363636364,0.681096681096681,0.323976608187135,0.153846153846154,0.0769230769230769,0.0769230769230769
"265",243,62,0,6,0.245901639344262,0.258064516129032,0.311475409836066,0.569539925965098,0.322538860103627,0.0666666666666667,0,0.0666666666666667
"266",194,51,0,3,0.2,0.28,0.244444444444444,0.524444444444444,0.290829694323144,0,0.111111111111111,0
"267",57,18,0,2,0.454545454545455,0.666666666666667,0.454545454545455,1.12121212121212,0.322429906542056,0,0,0
"268",112,24,0,5,0.333333333333333,0.416666666666667,0.380952380952381,0.797619047619048,0.2997542997543,0.142857142857143,0,0
"269",489,129,0,22,0.324561403508772,0.385826771653543,0.43859649122807,0.824423262881613,0.328193832599119,0.108108108108108,0,0.0810810810810811
"270",175,36,0,3,0.34375,0.416666666666667,0.46875,0.885416666666667,0.315441176470588,0.0909090909090909,0,0.0909090909090909
"271",129,32,0,7,0.275862068965517,0.34375,0.620689655172414,0.964439655172414,0.336734693877551,0.125,0,0.375
"272",153,43,0,4,0.432432432432432,0.476190476190476,0.621621621621622,1.0978120978121,0.34070796460177,0.125,0.0625,0.0625
"273",146,34,0,2,0.3,0.382352941176471,0.466666666666667,0.849019607843137,0.351851851851852,0.222222222222222,0,0.111111111111111
"274",93,23,0,4,0.173913043478261,0.173913043478261,0.434782608695652,0.608695652173913,0.296718972895863,0.25,0.25,0.25
"275",15,3,0,0,0,0,0,0,0.313703284258211,0,0,0
"276",184,43,0,3,0.151515151515152,0.30952380952381,0.272727272727273,0.582251082251082,0.186046511627907,0.2,0,0.2
"277",211,51,0,3,0.191489361702128,0.235294117647059,0.382978723404255,0.618272841051314,0.314220183486239,0,0,0.333333333333333
"278",172,42,0,5,0.294117647058824,0.404761904761905,0.382352941176471,0.787114845938375,0.36094674556213,0.3,0,0
"279",232,57,0,11,0.285714285714286,0.350877192982456,0.510204081632653,0.861081274615109,0.356363636363636,0.214285714285714,0.0714285714285714,0.142857142857143
"280",551,140,0,14,0.260504201680672,0.352517985611511,0.394957983193277,0.747475968804788,0.317269076305221,0.225806451612903,0,0.0967741935483871
"281",80,21,0,3,0.333333333333333,0.4,0.611111111111111,1.01111111111111,0.272727272727273,0.333333333333333,0,0.166666666666667
"282",163,42,0,4,0.268292682926829,0.285714285714286,0.414634146341463,0.700348432055749,0.278372591006424,0.272727272727273,0,0.0909090909090909
"283",87,19,0,3,0.25,0.5,0.333333333333333,0.833333333333333,0.29987293519695,0.333333333333333,0,0
"284",123,28,0,4,0.347826086956522,0.464285714285714,0.478260869565217,0.942546583850932,0.4,0,0,0.125
"285",29,6,0,2,0.25,0.5,0.25,0.75,0.407407407407407,0,0,0
"286",493,119,1,18,0.342342342342342,0.376068376068376,0.414414414414414,0.79048279048279,0.282184655396619,0.210526315789474,0,0
"287",207,54,0,4,0.163265306122449,0.222222222222222,0.26530612244898,0.487528344671202,0.291970802919708,0.625,0,0
"288",518,137,0,15,0.289473684210526,0.401459854014599,0.482456140350877,0.883915994365476,0.312305295950156,0.151515151515152,0.0303030303030303,0.151515151515152
"289",188,53,0,5,0.28,0.320754716981132,0.5,0.820754716981132,0.333965844402277,0.214285714285714,0.0714285714285714,0.142857142857143
"290",254,65,0,14,0.372881355932203,0.430769230769231,0.525423728813559,0.95619295958279,0.326086956521739,0.272727272727273,0,0.0454545454545455
"291",530,138,0,13,0.319672131147541,0.386861313868613,0.459016393442623,0.845877707311236,0.320437670965221,0.282051282051282,0,0.0512820512820513
"292",155,44,0,12,0.452380952380952,0.465116279069767,0.738095238095238,1.20321151716501,0.321428571428571,0.315789473684211,0,0.105263157894737
"293",357,96,0,13,0.289156626506024,0.385416666666667,0.506024096385542,0.891440763052209,0.313131313131313,0.25,0,0.166666666666667
"294",424,108,0,18,0.320987654320988,0.471698113207547,0.506172839506173,0.97787095271372,0.305204648812532,0.153846153846154,0.0384615384615385,0.115384615384615
"295",108,28,0,7,0.423076923076923,0.464285714285714,0.769230769230769,1.23351648351648,0.364779874213836,0.0909090909090909,0.0909090909090909,0.181818181818182
"296",17,4,0,2,0,0.5,0,0.5,0.269633507853403,0,0,0
"297",336,88,0,16,0.306666666666667,0.397727272727273,0.693333333333333,1.09106060606061,0.304704595185996,0.260869565217391,0.0434782608695652,0.304347826086957
"298",445,114,0,25,0.352941176470588,0.4,0.53921568627451,0.93921568627451,0.325358851674641,0.111111111111111,0,0.138888888888889
"299",184,50,0,10,0.395348837209302,0.428571428571429,0.627906976744186,1.05647840531561,0.280748663101604,0.0588235294117647,0,0.176470588235294
"300",472,139,0,16,0.285714285714286,0.347826086956522,0.428571428571429,0.77639751552795,0.323436512950095,0.305555555555556,0.0555555555555556,0.0277777777777778
"301",14,4,0,0,0.25,0.25,0.5,0.75,0.324175824175824,1,0,0
"302",164,40,0,5,0.205882352941176,0.282051282051282,0.205882352941176,0.487933634992459,0.306,0,0,0
"303",52,14,0,3,0.416666666666667,0.5,0.5,1,0.347058823529412,0.2,0,0
"304",141,37,0,7,0.303030303030303,0.361111111111111,0.545454545454545,0.906565656565657,0.319083969465649,0.2,0,0.2
"305",82,22,0,4,0.25,0.318181818181818,0.55,0.868181818181818,0.272727272727273,0,0,0.4
"306",145,47,0,4,0.225,0.282608695652174,0.325,0.607608695652174,0.296762589928058,0.111111111111111,0,0.111111111111111
"307",246,72,0,12,0.373134328358209,0.408450704225352,0.522388059701492,0.930838763926845,0.339350180505415,0.2,0.04,0.04
"308",175,42,0,3,0.2,0.30952380952381,0.2,0.509523809523809,0.309477756286267,0,0,0
"309",536,142,0,17,0.264,0.338129496402878,0.408,0.746129496402878,0.316349809885932,0.242424242424242,0.0606060606060606,0.0606060606060606
"310",46,12,0,0,0.142857142857143,0.5,0.285714285714286,0.785714285714286,0.316753926701571,1,0,0
"311",207,53,0,4,0.217391304347826,0.283018867924528,0.304347826086957,0.587366694011485,0.3184421534937,0.1,0,0.1
"312",224,56,1,2,0.16,0.25,0.18,0.43,0.269598470363289,0.125,0,0
"313",563,158,0,33,0.314516129032258,0.442307692307692,0.596774193548387,1.03908188585608,0.305418719211823,0.256410256410256,0.0512820512820513,0.179487179487179
"314",93,27,0,8,0.48,0.5,0.84,1.34,0.518518518518518,0.25,0,0.166666666666667
"315",194,52,0,3,0.195652173913043,0.274509803921569,0.217391304347826,0.491901108269395,0.377622377622378,0.111111111111111,0,0
"316",27,9,0,1,0.111111111111111,0.111111111111111,0.111111111111111,0.222222222222222,0.25,0,0,0
"317",53,15,0,4,0.384615384615385,0.466666666666667,0.923076923076923,1.38974358974359,0.343137254901961,0.2,0,0.4
"318",465,139,0,14,0.2890625,0.325925925925926,0.46875,0.794675925925926,0.316209476309227,0.108108108108108,0.0540540540540541,0.135135135135135
"319",163,38,0,6,0.3125,0.405405405405405,0.375,0.780405405405405,0.311111111111111,0.2,0,0
"320",67,18,0,6,0.466666666666667,0.555555555555556,1.06666666666667,1.62222222222222,0.5,0.428571428571429,0,0.285714285714286
"321",461,131,0,22,0.327868852459016,0.356589147286822,0.491803278688525,0.848392425975346,0.365358592692828,0.075,0.025,0.125
"322",296,81,0,16,0.378787878787879,0.455696202531646,0.560606060606061,1.01630226313771,0.28957528957529,0.16,0.04,0.08
"323",241,62,0,7,0.218181818181818,0.295081967213115,0.236363636363636,0.531445603576751,0.309895833333333,0.0833333333333333,0,0
"324",294,72,0,7,0.290322580645161,0.371428571428571,0.435483870967742,0.806912442396313,0.335380835380835,0,0,0.166666666666667
"325",380,88,0,14,0.293333333333333,0.363636363636364,0.373333333333333,0.736969696969697,0.321928460342146,0.136363636363636,0,0.0454545454545455
"326",48,15,0,0,0.153846153846154,0.266666666666667,0.230769230769231,0.497435897435897,0.35,0.5,0,0
"327",126,36,0,10,0.448275862068966,0.555555555555556,0.689655172413793,1.24521072796935,0.375510204081633,0.0769230769230769,0,0.153846153846154
"328",203,48,0,9,0.380952380952381,0.434782608695652,0.642857142857143,1.0776397515528,0.303754266211604,0.0625,0.125,0.125
"329",28,7,0,1,0.166666666666667,0.285714285714286,0.166666666666667,0.452380952380952,0.235294117647059,0,0,0
"330",59,16,0,4,0.230769230769231,0.375,0.307692307692308,0.682692307692308,0.347826086956522,0.333333333333333,0,0
"331",441,116,1,12,0.263636363636364,0.28695652173913,0.390909090909091,0.677865612648221,0.310734463276836,0.103448275862069,0.137931034482759,0.0344827586206897
"332",231,64,0,4,0.272727272727273,0.365079365079365,0.509090909090909,0.874170274170274,0.336633663366337,0.333333333333333,0.0666666666666667,0.133333333333333
"333",48,15,0,0,0.133333333333333,0.133333333333333,0.133333333333333,0.266666666666667,0.325334821428571,0,0,0
"334",498,129,0,21,0.36283185840708,0.4,0.628318584070796,1.0283185840708,0.332452081956378,0.170731707317073,0.024390243902439,0.170731707317073
"335",107,26,0,3,0.4,0.4,0.6,1,0.365853658536585,0.2,0,0.1
"336",420,116,0,14,0.278846153846154,0.327433628318584,0.384615384615385,0.712049012933969,0.345498783454988,0.172413793103448,0,0.0689655172413793
"337",486,111,0,11,0.255555555555556,0.376146788990826,0.355555555555556,0.731702344546381,0.255813953488372,0.130434782608696,0,0.0869565217391304
"338",144,34,0,3,0.2,0.333333333333333,0.32,0.653333333333333,0.288372093023256,0.2,0.2,0
"339",72,17,0,2,0.25,0.294117647058824,0.4375,0.731617647058824,0.330188679245283,0.75,0,0
"340",193,52,0,9,0.285714285714286,0.4,0.452380952380952,0.852380952380952,0.339593114241002,0.416666666666667,0.0833333333333333,0
"341",437,117,0,17,0.336538461538462,0.405172413793103,0.432692307692308,0.837864721485411,0.383720930232558,0.114285714285714,0,0.0571428571428571
"342",129,41,0,4,0.341463414634146,0.341463414634146,0.463414634146341,0.804878048780488,0.361266294227188,0.142857142857143,0,0.0714285714285714
"343",214,56,0,5,0.208333333333333,0.303571428571429,0.270833333333333,0.574404761904762,0.32398316970547,0.3,0,0
"344",17,4,0,1,0.5,0.5,0.5,1,0.368421052631579,0,0,0
"345",224,55,0,8,0.326086956521739,0.407407407407407,0.347826086956522,0.755233494363929,0.319294809010774,0.0666666666666667,0,0
"346",60,14,0,4,0.4,0.5,0.6,1.1,0.329700272479564,0.5,0,0
"347",40,13,0,5,0.461538461538462,0.461538461538462,0.769230769230769,1.23076923076923,0.333793103448276,0.166666666666667,0,0.166666666666667
"348",34,7,0,2,0.666666666666667,0.857142857142857,0.666666666666667,1.52380952380952,0.358695652173913,0,0,0
"349",164,45,0,7,0.307692307692308,0.4,0.435897435897436,0.835897435897436,0.362637362637363,0.166666666666667,0,0.0833333333333333
"350",24,6,0,0,0.166666666666667,0.166666666666667,0.333333333333333,0.5,0.324675324675325,1,0,0
"351",447,108,1,8,0.180851063829787,0.277777777777778,0.276595744680851,0.554373522458629,0.307553956834532,0.235294117647059,0.0588235294117647,0.0588235294117647
"352",461,117,0,15,0.333333333333333,0.368421052631579,0.527777777777778,0.896198830409357,0.338947368421053,0.111111111111111,0.0277777777777778,0.138888888888889
"353",445,110,0,16,0.268817204301075,0.36697247706422,0.376344086021505,0.743316563085726,0.347619047619048,0.16,0,0.08
"354",383,101,0,20,0.351648351648352,0.391752577319588,0.450549450549451,0.842302027869038,0.358003442340792,0.1875,0,0.03125
"355",344,89,0,10,0.263157894736842,0.344827586206897,0.381578947368421,0.726406533575318,0.304744525547445,0.05,0.05,0.1
"356",250,64,0,9,0.254545454545455,0.32258064516129,0.309090909090909,0.631671554252199,0.30635838150289,0.214285714285714,0,0
"357",38,10,0,2,0.25,0.4,0.625,1.025,0.284671532846715,0,0,0.5
"358",138,37,0,1,0.194444444444444,0.216216216216216,0.277777777777778,0.493993993993994,0.341085271317829,0.428571428571429,0,0
"359",435,108,0,17,0.228260869565217,0.342592592592593,0.41304347826087,0.755636070853462,0.344800625488663,0.0952380952380952,0,0.238095238095238
"360",140,40,0,4,0.351351351351351,0.375,0.405405405405405,0.780405405405405,0.402777777777778,0.153846153846154,0,0
"361",235,56,0,5,0.229166666666667,0.314814814814815,0.395833333333333,0.710648148148148,0.331444759206799,0.181818181818182,0,0.181818181818182
"362",20,5,0,0,0.5,0.8,0.5,1.3,0.312775330396476,0,0,0
"363",164,38,0,5,0.225806451612903,0.342105263157895,0.225806451612903,0.567911714770798,0.363321799307958,0,0,0
"364",245,62,0,3,0.228070175438596,0.290322580645161,0.368421052631579,0.65874363327674,0.363534675615213,0.153846153846154,0,0.153846153846154
"365",102,24,0,1,0.130434782608696,0.166666666666667,0.260869565217391,0.427536231884058,0.349593495934959,0,0,0.333333333333333
"366",184,43,0,13,0.45,0.488372093023256,0.6,1.08837209302326,0.272727272727273,0.333333333333333,0,0
"367",189,50,0,11,0.348837209302326,0.428571428571429,0.581395348837209,1.00996677740864,0.352226720647773,0.133333333333333,0.0666666666666667,0.133333333333333
"368",182,44,0,7,0.351351351351351,0.418604651162791,0.513513513513513,0.932118164676304,0.307692307692308,0.0769230769230769,0.0769230769230769,0.0769230769230769
"369",556,132,1,17,0.252173913043478,0.32824427480916,0.330434782608696,0.658679057417856,0.356846473029046,0.206896551724138,0,0.0344827586206897
"370",656,170,0,18,0.310344827586207,0.365853658536585,0.379310344827586,0.745164003364172,0.322191780821918,0.0888888888888889,0,0.0444444444444444
"371",249,70,0,12,0.274193548387097,0.347826086956522,0.467741935483871,0.815568022440393,0.301369863013699,0.352941176470588,0,0.117647058823529
"372",215,54,0,9,0.416666666666667,0.462962962962963,0.583333333333333,1.0462962962963,0.365384615384615,0.25,0,0.05
"373",239,61,0,13,0.344827586206897,0.377049180327869,0.482758620689655,0.859807801017524,0.358730158730159,0.1,0,0.1
"374",100,28,0,4,0.269230769230769,0.321428571428571,0.346153846153846,0.667582417582418,0.33695652173913,0.285714285714286,0,0
"375",94,25,0,3,0.304347826086957,0.36,0.695652173913043,1.05565217391304,0.353658536585366,0,0,0.428571428571429
"376",543,139,1,13,0.246031746031746,0.299270072992701,0.333333333333333,0.632603406326034,0.31390134529148,0.161290322580645,0,0.0645161290322581
"377",110,28,0,8,0.521739130434783,0.535714285714286,0.652173913043478,1.18788819875776,0.299319727891156,0.0833333333333333,0.0833333333333333,0
"378",182,42,0,3,0.325,0.357142857142857,0.4,0.757142857142857,0.394594594594595,0.230769230769231,0,0
"379",321,78,0,22,0.352941176470588,0.41025641025641,0.558823529411765,0.969079939668175,0.334545454545455,0.25,0.0416666666666667,0.0833333333333333
"380",97,27,0,6,0.307692307692308,0.333333333333333,0.576923076923077,0.91025641025641,0.470588235294118,0.25,0.125,0.125
"381",45,11,0,1,0.3,0.363636363636364,0.5,0.863636363636364,0.367387033398821,0,0.333333333333333,0
"382",201,51,0,2,0.162790697674419,0.28,0.162790697674419,0.442790697674419,0.359464627151052,0,0,0
"383",43,13,0,6,0.5,0.538461538461538,1,1.53846153846154,0.323144104803493,0.166666666666667,0.166666666666667,0.166666666666667
"384",16,4,0,1,0.5,0.75,0.5,1.25,0.28125,0,0,0
"385",76,19,0,5,0.588235294117647,0.631578947368421,0.823529411764706,1.45510835913313,0.343820224719101,0.1,0,0.1
"386",211,52,0,9,0.375,0.4,0.604166666666667,1.00416666666667,0.33652312599681,0.166666666666667,0.0555555555555556,0.111111111111111
"387",232,64,0,5,0.295081967213115,0.328125,0.426229508196721,0.754354508196721,0.347107438016529,0.111111111111111,0,0.111111111111111
"388",116,31,0,3,0.285714285714286,0.354838709677419,0.321428571428571,0.676267281105991,0.339066339066339,0.125,0,0
"389",441,123,0,15,0.31858407079646,0.365853658536585,0.47787610619469,0.843729764731276,0.306451612903226,0.194444444444444,0.0277777777777778,0.0833333333333333
"390",176,42,0,3,0.289473684210526,0.357142857142857,0.368421052631579,0.725563909774436,0.343598055105348,0.272727272727273,0,0
"391",194,53,0,8,0.409090909090909,0.480769230769231,0.522727272727273,1.0034965034965,0.383886255924171,0.111111111111111,0,0.0555555555555556
"392",263,62,0,16,0.381818181818182,0.442622950819672,0.563636363636364,1.00625931445604,0.405594405594406,0.19047619047619,0,0.0952380952380952
"393",183,44,0,3,0.263157894736842,0.363636363636364,0.342105263157895,0.705741626794258,0.301587301587302,0.3,0,0
"394",511,124,0,16,0.268518518518519,0.349593495934959,0.388888888888889,0.738482384823848,0.340857787810384,0.137931034482759,0,0.103448275862069
"395",143,40,0,6,0.382352941176471,0.461538461538462,0.676470588235294,1.13800904977376,0.334146341463415,0.0769230769230769,0,0.230769230769231
"396",483,121,0,19,0.345794392523364,0.413223140495868,0.514018691588785,0.927241832084653,0.351906158357771,0.189189189189189,0.027027027027027,0.0810810810810811
"397",138,36,0,8,0.363636363636364,0.361111111111111,0.636363636363636,0.997474747474747,0.337765957446808,0,0,0.25
"398",109,28,0,6,0.32,0.333333333333333,0.52,0.853333333333333,0.320113314447592,0.25,0,0.125
"399",214,59,0,6,0.307692307692308,0.389830508474576,0.5,0.889830508474576,0.296127562642369,0.25,0,0.125
"400",107,29,0,1,0.111111111111111,0.172413793103448,0.185185185185185,0.357598978288633,0.281115879828326,0.666666666666667,0,0
"401",48,13,0,4,0.5,0.538461538461538,0.666666666666667,1.20512820512821,0.325657894736842,0,0.166666666666667,0
"402",213,56,0,13,0.456521739130435,0.535714285714286,0.521739130434783,1.05745341614907,0.364444444444444,0.142857142857143,0,0
"403",26,7,0,0,0.166666666666667,0.285714285714286,0.166666666666667,0.452380952380952,0.317073170731707,0,0,0
"404",105,33,0,8,0.407407407407407,0.5,0.666666666666667,1.16666666666667,0.333333333333333,0.181818181818182,0.0909090909090909,0.0909090909090909
"405",507,136,0,17,0.267716535433071,0.316176470588235,0.377952755905512,0.694129226493747,0.330211927057664,0.147058823529412,0,0.0882352941176471
"406",479,126,0,11,0.254545454545455,0.330645161290323,0.381818181818182,0.712463343108504,0.3125,0.178571428571429,0,0.107142857142857
"407",32,10,0,2,0.333333333333333,0.4,0.444444444444444,0.844444444444444,0.316129032258064,0.333333333333333,0,0
"408",600,156,0,21,0.240601503759398,0.341935483870968,0.315789473684211,0.657724957555178,0.286363636363636,0.03125,0,0.09375
"409",206,54,0,6,0.162790697674419,0.30188679245283,0.325581395348837,0.627468187801667,0.272727272727273,0.142857142857143,0,0.285714285714286
"410",102,28,0,4,0.347826086956522,0.423076923076923,0.434782608695652,0.857859531772575,0.350961538461538,0.25,0,0
"411",453,131,0,22,0.330578512396694,0.369230769230769,0.512396694214876,0.881627463445645,0.326170376055257,0.175,0,0.125
"412",115,31,0,12,0.36,0.483870967741935,0.84,1.32387096774194,0.3,0.111111111111111,0.111111111111111,0.333333333333333
"413",171,42,0,5,0.212121212121212,0.35,0.454545454545455,0.804545454545454,0.3486529318542,0,0.142857142857143,0.285714285714286
"414",105,26,0,2,0.0952380952380952,0.269230769230769,0.142857142857143,0.412087912087912,0.296,0.5,0,0
"415",189,49,0,4,0.219512195121951,0.306122448979592,0.317073170731707,0.623195619711299,0.273858921161826,0.111111111111111,0,0.111111111111111
"416",101,28,0,9,0.375,0.464285714285714,0.625,1.08928571428571,0.295081967213115,0,0,0.222222222222222
"417",211,54,0,5,0.239130434782609,0.320754716981132,0.347826086956522,0.668580803937654,0.301801801801802,0.272727272727273,0.0909090909090909,0
"418",196,52,0,9,0.266666666666667,0.326923076923077,0.355555555555556,0.682478632478632,0.316326530612245,0.333333333333333,0,0
"419",419,95,0,17,0.253012048192771,0.347368421052632,0.421686746987952,0.769055168040583,0.348127600554785,0.142857142857143,0.0476190476190476,0.142857142857143
"420",226,66,0,8,0.272727272727273,0.384615384615385,0.327272727272727,0.711888111888112,0.354545454545455,0.2,0,0
"421",485,119,0,11,0.219047619047619,0.302521008403361,0.4,0.702521008403361,0.331292517006803,0.0869565217391304,0.0434782608695652,0.217391304347826
"422",25,6,0,2,0.2,0.333333333333333,0.2,0.533333333333333,0.326693227091633,0,0,0
"423",45,12,0,3,0.5,0.5,0.666666666666667,1.16666666666667,0.389830508474576,0.333333333333333,0,0
"424",539,129,0,26,0.336363636363636,0.425196850393701,0.618181818181818,1.04337866857552,0.295361127422196,0.324324324324324,0.0540540540540541,0.135135135135135
"425",626,165,0,19,0.264900662251656,0.312883435582822,0.443708609271523,0.756592044854345,0.323069852941176,0.125,0.05,0.15
"426",76,17,0,5,0.333333333333333,0.411764705882353,0.666666666666667,1.07843137254902,0.348837209302326,0.4,0,0.2
"427",29,6,0,0,0.333333333333333,0.6,0.666666666666667,1.26666666666667,0.344262295081967,1,0,0
"428",236,62,0,11,0.272727272727273,0.344262295081967,0.490909090909091,0.835171385991058,0.346260387811634,0.4,0,0.133333333333333
"429",242,58,0,6,0.333333333333333,0.392857142857143,0.470588235294118,0.863445378151261,0.32807570977918,0.294117647058824,0.0588235294117647,0
"430",96,26,0,2,0.230769230769231,0.230769230769231,0.346153846153846,0.576923076923077,0.364928909952607,0,0,0.166666666666667
"431",225,56,0,9,0.24,0.309090909090909,0.36,0.669090909090909,0.30561555075594,0.333333333333333,0.0833333333333333,0
"432",80,21,0,3,0.388888888888889,0.476190476190476,0.555555555555556,1.03174603174603,0.35361216730038,0.428571428571429,0,0
"433",172,44,0,7,0.352941176470588,0.465116279069767,0.470588235294118,0.935704514363885,0.33125,0.0833333333333333,0,0.0833333333333333
"434",9,3,0,0,0.333333333333333,0.333333333333333,0.666666666666667,1,0.30939226519337,1,0,0
"435",25,8,0,2,0.428571428571429,0.5,0.571428571428571,1.07142857142857,0.368794326241135,0.333333333333333,0,0
"436",362,92,0,15,0.2625,0.351648351648352,0.45,0.801648351648352,0.323215289488477,0.19047619047619,0.0476190476190476,0.142857142857143
"437",289,67,0,3,0.254901960784314,0.409090909090909,0.352941176470588,0.762032085561497,0.27007299270073,0.153846153846154,0,0.0769230769230769
"438",494,127,0,18,0.288288288288288,0.365079365079365,0.405405405405405,0.77048477048477,0.323976608187135,0.15625,0.03125,0.0625
"439",339,83,0,8,0.246153846153846,0.37037037037037,0.338461538461538,0.708831908831909,0.322538860103627,0.375,0,0
"440",258,64,0,16,0.358490566037736,0.453125,0.547169811320755,1.00029481132075,0.305587229190422,0.210526315789474,0,0.105263157894737
"441",500,126,0,12,0.269565217391304,0.32,0.347826086956522,0.667826086956522,0.328193832599119,0.193548387096774,0,0.032258064516129
"442",35,9,0,1,0.625,0.666666666666667,0.625,1.29166666666667,0.304713804713805,0,0,0
"443",71,18,0,4,0.294117647058824,0.333333333333333,0.588235294117647,0.92156862745098,0.336734693877551,0.2,0.4,0
"444",324,84,0,11,0.279411764705882,0.397590361445783,0.382352941176471,0.779943302622254,0.34070796460177,0.210526315789474,0,0.0526315789473684
"445",71,14,0,2,0.272727272727273,0.428571428571429,0.272727272727273,0.701298701298701,0.416666666666667,0,0,0
"446",95,29,0,3,0.28,0.379310344827586,0.28,0.659310344827586,0.351851851851852,0,0,0
"447",292,66,1,11,0.241935483870968,0.276923076923077,0.467741935483871,0.744665012406948,0.296718972895863,0.2,0.0666666666666667,0.2
"448",215,61,0,7,0.275862068965517,0.311475409836066,0.413793103448276,0.725268513284341,0.313703284258211,0.125,0,0.125
"449",170,47,0,1,0.227272727272727,0.276595744680851,0.25,0.526595744680851,0.314220183486239,0.1,0,0
"450",111,28,0,3,0.304347826086957,0.428571428571429,0.478260869565217,0.906832298136646,0.36094674556213,0.142857142857143,0,0.142857142857143
"451",53,13,0,2,0.3,0.461538461538462,0.7,1.16153846153846,0.333333333333333,0.333333333333333,0,0.333333333333333
"452",80,18,0,3,0.142857142857143,0.333333333333333,0.357142857142857,0.69047619047619,0.356363636363636,0,0,0.5
"453",282,67,0,5,0.283333333333333,0.358208955223881,0.5,0.858208955223881,0.393617021276596,0.235294117647059,0,0.176470588235294
"454",379,100,0,9,0.215909090909091,0.285714285714286,0.397727272727273,0.683441558441558,0.317269076305221,0.105263157894737,0.0526315789473684,0.210526315789474
"455",164,48,0,5,0.318181818181818,0.375,0.5,0.875,0.278372591006424,0.357142857142857,0,0.0714285714285714
"456",17,5,0,2,0.25,0.4,0.5,0.9,0.4,1,0,0
"457",589,142,1,13,0.17741935483871,0.258992805755396,0.32258064516129,0.581573450916686,0.282184655396619,0.0909090909090909,0.0909090909090909,0.181818181818182
"458",228,59,0,7,0.296296296296296,0.355932203389831,0.444444444444444,0.800376647834275,0.291970802919708,0.125,0,0.125
"459",461,106,0,8,0.225806451612903,0.311320754716981,0.32258064516129,0.633901399878271,0.312305295950156,0.0952380952380952,0.0952380952380952,0.0476190476190476
"460",171,49,1,12,0.368421052631579,0.446808510638298,0.552631578947368,0.999440089585666,0.333965844402277,0.285714285714286,0,0.0714285714285714
"461",251,61,0,8,0.222222222222222,0.3,0.407407407407407,0.707407407407407,0.326086956521739,0.333333333333333,0,0.166666666666667
"462",554,145,0,16,0.316176470588235,0.340277777777778,0.477941176470588,0.818218954248366,0.320437670965221,0.116279069767442,0.0232558139534884,0.116279069767442
"463",241,57,0,7,0.282608695652174,0.403508771929825,0.304347826086957,0.707856598016781,0.407079646017699,0.0769230769230769,0,0
"464",363,99,0,13,0.25,0.319587628865979,0.375,0.694587628865979,0.313131313131313,0.136363636363636,0.0454545454545455,0.0909090909090909
"465",447,121,0,17,0.252525252525253,0.372881355932203,0.353535353535354,0.726416709467557,0.305204648812532,0.16,0,0.08
"466",85,21,1,2,0.263157894736842,0.333333333333333,0.263157894736842,0.596491228070175,0.364779874213836,0,0,0
"467",93,24,0,3,0.272727272727273,0.333333333333333,0.5,0.833333333333333,0.238095238095238,0.333333333333333,0,0.166666666666667
"468",160,37,0,1,0.0967741935483871,0.243243243243243,0.193548387096774,0.436791630340017,0.269633507853403,0,0,0.333333333333333
"469",194,47,0,10,0.355555555555556,0.361702127659574,0.511111111111111,0.872813238770686,0.304704595185996,0.25,0,0.0625
"470",109,33,0,11,0.444444444444444,0.46875,0.666666666666667,1.13541666666667,0.325358851674641,0.25,0,0.0833333333333333
"471",602,164,0,19,0.302631578947368,0.349693251533742,0.440789473684211,0.790482725217953,0.323436512950095,0.130434782608696,0,0.108695652173913
"472",253,64,0,7,0.25,0.317460317460317,0.375,0.692460317460317,0.324175824175824,0.0714285714285714,0,0.142857142857143
"473",221,60,0,7,0.207547169811321,0.283333333333333,0.30188679245283,0.585220125786164,0.306,0.181818181818182,0,0.0909090909090909
"474",106,28,0,2,0.32,0.357142857142857,0.48,0.837142857142857,0.319083969465649,0.125,0,0.125
"475",477,129,1,9,0.23728813559322,0.291338582677165,0.355932203389831,0.647270786066996,0.32725321888412,0.178571428571429,0,0.107142857142857
"476",40,9,0,1,0.285714285714286,0.444444444444444,0.285714285714286,0.73015873015873,0.272727272727273,0,0,0
"477",122,35,0,8,0.375,0.428571428571429,0.625,1.05357142857143,0.296762589928058,0.416666666666667,0,0.0833333333333333
"478",225,62,0,10,0.25,0.360655737704918,0.442307692307692,0.80296343001261,0.339350180505415,0.307692307692308,0,0.153846153846154
"479",128,34,0,5,0.296296296296296,0.424242424242424,0.407407407407407,0.831649831649832,0.309477756286267,0,0,0.125
"480",418,117,0,13,0.261261261261261,0.299145299145299,0.414414414414414,0.713559713559714,0.316349809885932,0.172413793103448,0,0.137931034482759
"481",65,17,0,2,0.4,0.4375,0.4,0.8375,0.316753926701571,0,0,0
"482",74,21,0,5,0.473684210526316,0.523809523809524,0.736842105263158,1.26065162907268,0.361702127659574,0.222222222222222,0,0.111111111111111
"483",213,57,0,9,0.296296296296296,0.333333333333333,0.481481481481481,0.814814814814815,0.3184421534937,0.0625,0,0.1875
"484",328,76,0,11,0.257575757575758,0.355263157894737,0.333333333333333,0.68859649122807,0.269598470363289,0.117647058823529,0,0.0588235294117647
"485",92,28,0,3,0.208333333333333,0.321428571428571,0.25,0.571428571428571,0.305418719211823,0.2,0,0
"486",209,56,0,10,0.361702127659574,0.454545454545455,0.51063829787234,0.965183752417795,0.377622377622378,0.0588235294117647,0,0.117647058823529
"487",341,92,0,14,0.285714285714286,0.377777777777778,0.506493506493506,0.884271284271284,0.343137254901961,0.136363636363636,0.0454545454545455,0.181818181818182
"488",539,146,0,19,0.328467153284672,0.36551724137931,0.54014598540146,0.90566322678077,0.316209476309227,0.177777777777778,0,0.155555555555556
"489",104,19,0,4,0.538461538461538,0.611111111111111,0.538461538461538,1.14957264957265,0.311111111111111,0,0,0
"490",406,95,0,24,0.379310344827586,0.431578947368421,0.67816091954023,1.10973986690865,0.365358592692828,0.121212121212121,0.0606060606060606,0.181818181818182
"491",679,172,0,25,0.313333333333333,0.382352941176471,0.5,0.882352941176471,0.312098991750687,0.127659574468085,0.0425531914893617,0.127659574468085
"492",351,85,0,5,0.173333333333333,0.270588235294118,0.32,0.590588235294118,0.28957528957529,0.384615384615385,0,0.153846153846154
"493",180,45,0,11,0.4,0.454545454545455,0.625,1.07954545454545,0.309895833333333,0.25,0.0625,0.0625
"494",97,24,0,7,0.380952380952381,0.458333333333333,0.571428571428571,1.0297619047619,0.335380835380835,0.125,0,0.125
"495",465,117,0,19,0.267326732673267,0.367521367521368,0.465346534653465,0.832867902174833,0.321928460342146,0.0740740740740741,0,0.222222222222222
"496",99,24,0,5,0.285714285714286,0.375,0.571428571428571,0.946428571428571,0.375510204081633,0.5,0,0.166666666666667
"497",80,18,0,1,0.1875,0.277777777777778,0.4375,0.715277777777778,0.313274336283186,0.333333333333333,0,0.333333333333333
"498",206,60,0,15,0.296296296296296,0.35,0.518518518518518,0.868518518518518,0.303754266211604,0.1875,0,0.1875
"499",41,11,0,5,0.571428571428571,0.636363636363636,0.714285714285714,1.35064935064935,0.347826086956522,0.25,0,0
"500",51,13,0,1,0.454545454545455,0.538461538461538,0.454545454545455,0.993006993006993,0.375,0,0,0
"501",464,121,0,14,0.293103448275862,0.316666666666667,0.491379310344828,0.808045977011494,0.310734463276836,0.235294117647059,0,0.147058823529412
"502",368,100,0,15,0.314606741573034,0.38,0.426966292134831,0.806966292134832,0.325334821428571,0.142857142857143,0,0.0714285714285714
"503",509,133,0,14,0.290598290598291,0.3359375,0.401709401709402,0.737646901709402,0.332452081956378,0.117647058823529,0,0.0882352941176471
"504",177,48,0,10,0.340425531914894,0.354166666666667,0.51063829787234,0.864804964539007,0.365853658536585,0.125,0,0.125
"505",370,95,1,24,0.37037037037037,0.446808510638298,0.592592592592593,1.03940110323089,0.345498783454988,0.2,0,0.133333333333333
"506",90,26,0,4,0.227272727272727,0.346153846153846,0.363636363636364,0.70979020979021,0.225806451612903,0.2,0.2,0
"507",215,48,0,4,0.131578947368421,0.291666666666667,0.236842105263158,0.528508771929825,0.255813953488372,0.2,0,0.2
"508",80,25,1,2,0.260869565217391,0.32,0.304347826086957,0.624347826086957,0.329861111111111,0.166666666666667,0,0
"509",21,4,0,0,0,0.25,0,0.25,0.285714285714286,0,0,0
"510",250,59,0,8,0.269230769230769,0.338983050847458,0.5,0.838983050847458,0.288372093023256,0.428571428571429,0,0.142857142857143
"511",125,35,0,3,0.193548387096774,0.264705882352941,0.193548387096774,0.458254269449715,0.330188679245283,0,0,0
"512",181,52,0,8,0.282608695652174,0.313725490196078,0.5,0.813725490196078,0.36222005842259,0.153846153846154,0.0769230769230769,0.153846153846154
"513",189,43,0,4,0.205128205128205,0.255813953488372,0.205128205128205,0.460942158616577,0.339593114241002,0,0,0
"514",81,25,0,12,0.571428571428571,0.583333333333333,1,1.58333333333333,0.383720930232558,0.25,0,0.166666666666667
"515",155,43,0,4,0.292682926829268,0.30952380952381,0.390243902439024,0.699767711962834,0.361266294227188,0.0833333333333333,0,0.0833333333333333
"516",220,54,0,8,0.297872340425532,0.351851851851852,0.51063829787234,0.862490149724192,0.32398316970547,0.214285714285714,0.142857142857143,0.0714285714285714
"517",47,10,0,2,0.166666666666667,0.5,0.166666666666667,0.666666666666667,0.405660377358491,0,0,0
"518",219,58,0,6,0.259259259259259,0.310344827586207,0.407407407407407,0.717752234993614,0.319294809010774,0.142857142857143,0,0.142857142857143
"519",306,87,0,14,0.315789473684211,0.402298850574713,0.447368421052632,0.849667271627344,0.37984496124031,0.291666666666667,0,0.0416666666666667
"520",390,106,0,15,0.301075268817204,0.380952380952381,0.354838709677419,0.7357910906298,0.362637362637363,0.178571428571429,0,0
"521",288,78,0,9,0.265625,0.364864864864865,0.359375,0.724239864864865,0.307553956834532,0.235294117647059,0.0588235294117647,0
"522",161,37,0,8,0.24,0.432432432432432,0.24,0.672432432432432,0.338947368421053,0,0,0
"523",180,55,0,10,0.326923076923077,0.351851851851852,0.461538461538462,0.813390313390313,0.347619047619048,0.0588235294117647,0,0.117647058823529
"524",218,63,0,8,0.26,0.333333333333333,0.3,0.633333333333333,0.358003442340792,0.153846153846154,0,0
"525",299,77,0,4,0.149253731343284,0.25,0.223880597014925,0.473880597014925,0.304744525547445,0.3,0.1,0
"526",192,44,0,9,0.307692307692308,0.333333333333333,0.692307692307692,1.02564102564103,0.30635838150289,0.25,0,0.333333333333333
"527",42,13,0,1,0.307692307692308,0.307692307692308,0.615384615384615,0.923076923076923,0.284671532846715,0.25,0,0.25
"528",225,64,0,7,0.275862068965517,0.34375,0.344827586206897,0.688577586206897,0.341085271317829,0.25,0,0
"529",375,96,0,5,0.261904761904762,0.333333333333333,0.345238095238095,0.678571428571429,0.344800625488663,0.0454545454545455,0,0.0909090909090909
"530",32,11,0,2,0.545454545454545,0.545454545454545,0.818181818181818,1.36363636363636,0.402777777777778,0,0,0.166666666666667
"531",228,58,0,11,0.314814814814815,0.362068965517241,0.481481481481481,0.843550446998723,0.331444759206799,0.176470588235294,0,0.117647058823529
"532",290,69,0,8,0.285714285714286,0.485294117647059,0.387755102040816,0.873049219687875,0.312775330396476,0,0.0714285714285714,0.0714285714285714
"533",83,22,0,10,0.5,0.590909090909091,0.888888888888889,1.47979797979798,0.363321799307958,0.111111111111111,0,0.222222222222222
"534",391,93,0,6,0.261904761904762,0.32258064516129,0.321428571428571,0.644009216589862,0.363534675615213,0.0909090909090909,0,0.0454545454545455
"535",191,44,0,13,0.416666666666667,0.511627906976744,0.694444444444444,1.20607235142119,0.349593495934959,0.333333333333333,0.0666666666666667,0.0666666666666667
"536",148,33,0,7,0.24,0.424242424242424,0.72,1.14424242424242,0.27831715210356,0.5,0,0.5
"537",26,5,0,3,0.333333333333333,0.6,0.333333333333333,0.933333333333333,0.272727272727273,0,0,0
"538",104,23,0,4,0.238095238095238,0.304347826086957,0.619047619047619,0.923395445134576,0.352226720647773,0,0.2,0.4
"539",471,120,0,24,0.359223300970874,0.416666666666667,0.543689320388349,0.960355987055016,0.356846473029046,0.135135135135135,0.027027027027027,0.108108108108108
"540",573,148,0,13,0.2,0.236486486486486,0.314285714285714,0.550772200772201,0.322191780821918,0.25,0,0.107142857142857
"541",28,9,0,1,0.375,0.444444444444444,0.5,0.944444444444444,0.301369863013699,0.333333333333333,0,0
"542",153,42,0,5,0.297297297297297,0.365853658536585,0.459459459459459,0.825313117996045,0.365384615384615,0.0909090909090909,0.0909090909090909,0.0909090909090909
"543",94,24,0,3,0.263157894736842,0.416666666666667,0.368421052631579,0.785087719298246,0.33695652173913,0,0.2,0
"544",182,48,0,3,0.302325581395349,0.361702127659574,0.372093023255814,0.733795150915388,0.353658536585366,0.230769230769231,0,0
"545",519,134,0,7,0.19327731092437,0.272727272727273,0.294117647058824,0.566844919786096,0.31390134529148,0.130434782608696,0,0.130434782608696
"546",196,53,1,8,0.387755102040816,0.403846153846154,0.551020408163265,0.954866562009419,0.340956340956341,0.157894736842105,0.0526315789473684,0.0526315789473684
"547",168,49,0,6,0.311111111111111,0.326530612244898,0.555555555555556,0.882086167800453,0.394594594594595,0.142857142857143,0,0.214285714285714
"548",226,56,0,7,0.285714285714286,0.454545454545455,0.30952380952381,0.764069264069264,0.334545454545455,0.0833333333333333,0,0
"549",83,16,0,3,0.307692307692308,0.4375,0.384615384615385,0.822115384615385,0.470588235294118,0.25,0,0
"550",19,4,0,1,1,1,1,2,1,0,0,0
"551",160,41,0,8,0.424242424242424,0.487179487179487,0.575757575757576,1.06293706293706,0.359464627151052,0.142857142857143,0,0.0714285714285714
"552",84,21,0,5,0.1875,0.380952380952381,0.4375,0.818452380952381,0.28125,0.333333333333333,0,0.333333333333333
"553",234,54,0,9,0.302325581395349,0.433962264150943,0.441860465116279,0.875822729267222,0.33652312599681,0.461538461538462,0,0
"554",151,36,0,6,0.3125,0.361111111111111,0.625,0.986111111111111,0.347107438016529,0.2,0.1,0.2
"555",184,49,0,6,0.195121951219512,0.297872340425532,0.341463414634146,0.639335755059678,0.339066339066339,0.375,0,0.125
"556",335,90,0,17,0.316455696202532,0.377777777777778,0.544303797468354,0.922081575246132,0.306451612903226,0.16,0.04,0.16
"557",156,38,0,9,0.333333333333333,0.405405405405405,0.636363636363636,1.04176904176904,0.343598055105348,0.0909090909090909,0,0.272727272727273
"558",53,14,0,8,0.818181818181818,0.769230769230769,1.54545454545455,2.31468531468531,0.383886255924171,0.333333333333333,0.111111111111111,0.111111111111111
"559",102,27,0,0,0.0833333333333333,0.185185185185185,0.0833333333333333,0.268518518518518,0.332452081956378,0,0,0
"560",204,54,0,9,0.4375,0.471698113207547,0.5625,1.03419811320755,0.405594405594406,0.142857142857143,0,0.0476190476190476
"561",74,20,0,0,0.222222222222222,0.3,0.277777777777778,0.577777777777778,0.350710900473934,0.25,0,0
"562",266,62,0,10,0.333333333333333,0.483870967741935,0.375,0.858870967741935,0.393063583815029,0.125,0,0
"563",346,83,0,18,0.333333333333333,0.397590361445783,0.546666666666667,0.94425702811245,0.340857787810384,0.16,0,0.16
"564",103,26,0,3,0.363636363636364,0.461538461538462,0.363636363636364,0.825174825174825,0.334146341463415,0,0,0
"565",279,74,0,21,0.344827586206897,0.444444444444444,0.53448275862069,0.978927203065134,0.351906158357771,0.25,0,0.1
"566",70,18,0,6,0.625,0.611111111111111,0.875,1.48611111111111,0.337765957446808,0.4,0,0
"567",119,35,0,2,0.15625,0.176470588235294,0.3125,0.488970588235294,0.397683397683398,0.4,0,0.2
"568",71,14,0,3,0.363636363636364,0.5,0.454545454545455,0.954545454545455,0.320113314447592,0.25,0,0
"569",105,28,0,6,0.333333333333333,0.481481481481481,0.666666666666667,1.14814814814815,0.296127562642369,0.142857142857143,0,0.285714285714286
"570",108,25,0,4,0.35,0.44,0.55,0.99,0.3,0.142857142857143,0,0.142857142857143
"571",362,92,0,10,0.265060240963855,0.33695652173913,0.457831325301205,0.794787847040335,0.281115879828326,0.181818181818182,0,0.181818181818182
"572",86,21,0,1,0.1875,0.380952380952381,0.25,0.630952380952381,0.331908831908832,0.333333333333333,0,0
"573",90,23,0,4,0.3,0.391304347826087,0.35,0.741304347826087,0.325657894736842,0.166666666666667,0,0
"574",170,43,0,3,0.257142857142857,0.380952380952381,0.542857142857143,0.923809523809524,0.364444444444444,0.111111111111111,0,0.333333333333333
"575",119,33,0,6,0.259259259259259,0.375,0.259259259259259,0.634259259259259,0.317073170731707,0,0,0
"576",573,152,0,22,0.297872340425532,0.335570469798658,0.432624113475177,0.768194583273835,0.330211927057664,0.142857142857143,0.0476190476190476,0.0714285714285714
"577",424,114,0,23,0.329787234042553,0.429824561403509,0.51063829787234,0.940462859275849,0.3125,0.161290322580645,0,0.129032258064516
"578",244,55,0,6,0.240740740740741,0.254545454545455,0.351851851851852,0.606397306397306,0.270315091210614,0.153846153846154,0.153846153846154,0
"579",43,11,0,6,0.555555555555556,0.545454545454545,1.33333333333333,1.87878787878788,0.286363636363636,0.2,0,0.4
"580",38,11,1,2,0.272727272727273,0.272727272727273,0.727272727272727,1,0.363636363636364,0,0.333333333333333,0.333333333333333
"581",57,14,0,5,0.333333333333333,0.384615384615385,0.583333333333333,0.967948717948718,0.272727272727273,0.75,0,0
"582",178,41,0,8,0.361111111111111,0.414634146341463,0.527777777777778,0.942411924119241,0.350961538461538,0.230769230769231,0,0.0769230769230769
"583",418,122,0,17,0.273584905660377,0.360655737704918,0.424528301886792,0.78518403959171,0.326170376055257,0.241379310344828,0,0.103448275862069
"584",230,56,0,7,0.195121951219512,0.37037037037037,0.292682926829268,0.663053297199639,0.3486529318542,0.125,0,0.125
"585",117,31,0,5,0.375,0.448275862068966,0.375,0.823275862068966,0.303317535545024,0,0,0
"586",45,13,0,3,0.538461538461538,0.538461538461538,1.15384615384615,1.69230769230769,0.296,0.285714285714286,0,0.285714285714286
"587",56,15,0,8,0.4,0.533333333333333,0.6,1.13333333333333,0.273858921161826,0.5,0,0
"588",209,55,0,7,0.26530612244898,0.345454545454545,0.346938775510204,0.692393320964749,0.301801801801802,0.0769230769230769,0,0.0769230769230769
"589",133,34,0,6,0.34375,0.382352941176471,0.5625,0.944852941176471,0.316326530612245,0.363636363636364,0,0.0909090909090909
"590",221,55,0,10,0.315789473684211,0.490566037735849,0.473684210526316,0.964250248262165,0.348127600554785,0.25,0,0.0833333333333333
"591",80,17,0,2,0.230769230769231,0.352941176470588,0.461538461538462,0.81447963800905,0.354545454545455,0,0,0.333333333333333
"592",316,79,0,11,0.26027397260274,0.30379746835443,0.424657534246575,0.728455002601006,0.331292517006803,0.157894736842105,0,0.157894736842105
"593",138,31,0,0,0.2,0.3,0.28,0.58,0.326693227091633,0,0.2,0
"594",46,10,0,2,0.25,0.4,0.625,1.025,0.389830508474576,0,0,0.5
"595",289,77,0,11,0.323076923076923,0.407894736842105,0.538461538461538,0.946356275303644,0.295361127422196,0.238095238095238,0,0.142857142857143
"596",507,129,0,19,0.307692307692308,0.364341085271318,0.495726495726496,0.860067580997814,0.323069852941176,0.305555555555556,0.0277777777777778,0.0833333333333333
"597",33,8,0,0,0.285714285714286,0.375,0.285714285714286,0.660714285714286,0.344262295081967,0,0,0
"598",100,26,0,5,0.272727272727273,0.384615384615385,0.318181818181818,0.702797202797203,0.346260387811634,0.166666666666667,0,0
"599",99,31,0,2,0.32,0.357142857142857,0.36,0.717142857142857,0.32807570977918,0.125,0,0
"600",178,47,0,11,0.342105263157895,0.456521739130435,0.552631578947368,1.0091533180778,0.364928909952607,0.153846153846154,0,0.153846153846154
"601",434,100,0,24,0.292682926829268,0.414141414141414,0.573170731707317,0.987312145848731,0.30561555075594,0.0833333333333333,0,0.291666666666667
"602",172,44,1,4,0.264705882352941,0.390243902439024,0.352941176470588,0.743185078909613,0.33125,0,0,0.111111111111111
"603",322,84,0,21,0.383561643835616,0.44578313253012,0.589041095890411,1.03482422842053,0.33757225433526,0.142857142857143,0.0357142857142857,0.107142857142857
"604",208,50,0,8,0.340909090909091,0.387755102040816,0.477272727272727,0.865027829313544,0.323215289488477,0.2,0,0.0666666666666667
"605",356,101,0,21,0.359550561797753,0.424242424242424,0.651685393258427,1.07592781750085,0.323976608187135,0.25,0,0.1875
"606",207,52,1,5,0.244444444444444,0.346153846153846,0.422222222222222,0.768376068376068,0.322538860103627,0.181818181818182,0,0.181818181818182
"607",314,84,0,16,0.346666666666667,0.416666666666667,0.546666666666667,0.963333333333333,0.290829694323144,0.115384615384615,0,0.153846153846154
"608",251,60,0,6,0.211538461538462,0.3,0.384615384615385,0.684615384615385,0.305587229190422,0.272727272727273,0,0.181818181818182
"609",49,11,0,5,0.5,0.545454545454545,0.75,1.29545454545455,0.322429906542056,0,0.25,0
"610",53,12,0,5,0.6,0.666666666666667,0.7,1.36666666666667,0.478260869565217,0.166666666666667,0,0
"611",348,99,0,6,0.269662921348315,0.336734693877551,0.359550561797753,0.696285255675304,0.328193832599119,0.0833333333333333,0,0.0833333333333333
"612",153,36,0,3,0.193548387096774,0.305555555555556,0.32258064516129,0.628136200716846,0.315441176470588,0.666666666666667,0,0
"613",4,1,1,0,0,0,0,0,0.304713804713805,0,0,0
"614",195,55,0,13,0.347826086956522,0.433962264150943,0.456521739130435,0.890484003281378,0.336734693877551,0.125,0,0.0625
"615",198,47,0,12,0.351351351351351,0.468085106382979,0.540540540540541,1.00862564692352,0.34070796460177,0.0769230769230769,0,0.153846153846154
"616",8,2,0,1,1,1,1.5,2.5,0.351851851851852,0.5,0,0
"617",245,54,0,6,0.264150943396226,0.277777777777778,0.39622641509434,0.674004192872117,0.296718972895863,0.0714285714285714,0,0.142857142857143
"618",252,64,0,1,0.0689655172413793,0.140625,0.0862068965517241,0.226831896551724,0.313703284258211,0.25,0,0
"619",152,38,0,1,0.176470588235294,0.263157894736842,0.294117647058824,0.557275541795666,0.314220183486239,0.166666666666667,0,0.166666666666667
"620",47,12,0,1,0.181818181818182,0.25,0.272727272727273,0.522727272727273,0.36094674556213,0.5,0,0
"621",176,43,0,5,0.282051282051282,0.333333333333333,0.41025641025641,0.743589743589744,0.356363636363636,0.181818181818182,0,0.0909090909090909
"622",177,42,0,11,0.416666666666667,0.5,0.722222222222222,1.22222222222222,0.393617021276596,0.133333333333333,0,0.2
"623",340,88,0,10,0.240506329113924,0.306818181818182,0.316455696202532,0.623273878020713,0.317269076305221,0.210526315789474,0.0526315789473684,0
"624",153,42,0,3,0.171428571428571,0.268292682926829,0.285714285714286,0.554006968641115,0.278372591006424,0.333333333333333,0.166666666666667,0
"625",12,3,0,1,0.5,0.333333333333333,1.5,1.83333333333333,0.407407407407407,0,1,0
"626",494,120,0,18,0.207920792079208,0.307692307692308,0.366336633663366,0.674028941355674,0.282184655396619,0.19047619047619,0,0.19047619047619
"627",64,17,0,2,0.375,0.352941176470588,0.6875,1.04044117647059,0.35361216730038,0,0.166666666666667,0.166666666666667
"628",111,31,0,6,0.346153846153846,0.451612903225806,0.538461538461538,0.990074441687345,0.291970802919708,0.222222222222222,0,0.111111111111111
"629",464,110,0,11,0.26530612244898,0.317757009345794,0.346938775510204,0.664695784855998,0.312305295950156,0.115384615384615,0.0384615384615385,0.0384615384615385
"630",134,33,0,4,0.233333333333333,0.303030303030303,0.366666666666667,0.66969696969697,0.333965844402277,0.142857142857143,0,0.142857142857143
"631",164,41,0,6,0.272727272727273,0.414634146341463,0.424242424242424,0.838876570583888,0.332167832167832,0.222222222222222,0,0.111111111111111
"632",246,57,0,12,0.333333333333333,0.454545454545455,0.622222222222222,1.07676767676768,0.326086956521739,0.133333333333333,0.0666666666666667,0.2
"633",502,138,0,21,0.299145299145299,0.358208955223881,0.452991452991453,0.811200408215334,0.320437670965221,0.114285714285714,0.0285714285714286,0.114285714285714
"634",70,20,0,6,0.466666666666667,0.5,0.933333333333333,1.43333333333333,0.323529411764706,0.142857142857143,0,0.285714285714286
"635",42,11,0,2,0.4,0.454545454545455,0.5,0.954545454545455,0.407079646017699,0.25,0,0
"636",150,34,0,7,0.296296296296296,0.411764705882353,0.481481481481481,0.893246187363834,0.313131313131313,0.25,0,0.125
"637",347,90,0,24,0.361111111111111,0.477777777777778,0.694444444444444,1.17222222222222,0.305204648812532,0.0769230769230769,0.0769230769230769,0.230769230769231
"638",140,36,1,9,0.424242424242424,0.472222222222222,0.909090909090909,1.38131313131313,0.364779874213836,0.285714285714286,0,0.285714285714286
"639",110,25,0,4,0.2,0.36,0.4,0.76,0.308529945553539,0.25,0,0.25
"640",60,14,0,3,0.363636363636364,0.5,0.545454545454545,1.04545454545455,0.269633507853403,0.5,0,0
"641",332,80,0,17,0.380952380952381,0.468354430379747,0.507936507936508,0.976290938316255,0.304704595185996,0.208333333333333,0,0.0416666666666667
"642",72,18,0,2,0.277777777777778,0.277777777777778,0.388888888888889,0.666666666666667,0.280748663101604,0,0.2,0
"643",57,12,0,0,0.125,0.416666666666667,0.125,0.541666666666667,0.294117647058824,0,0,0
"644",506,141,1,14,0.262295081967213,0.338129496402878,0.319672131147541,0.657801627550419,0.323436512950095,0.125,0,0.03125
"645",257,61,1,8,0.263157894736842,0.3,0.368421052631579,0.668421052631579,0.393548387096774,0.2,0,0.0666666666666667
"646",202,51,0,14,0.387755102040816,0.411764705882353,0.714285714285714,1.12605042016807,0.324175824175824,0.210526315789474,0,0.210526315789474
"647",248,66,0,9,0.288135593220339,0.338461538461538,0.440677966101695,0.779139504563233,0.306,0.176470588235294,0,0.117647058823529
"648",98,24,0,4,0.3,0.375,0.5,0.875,0.347058823529412,0.666666666666667,0,0
"649",47,10,0,3,0.5,0.6,0.75,1.35,0.319083969465649,0,0.25,0
"650",507,132,0,15,0.258620689655172,0.348484848484849,0.405172413793103,0.753657262277952,0.32725321888412,0.2,0.0333333333333333,0.1
"651",90,28,0,3,0.32,0.37037037037037,0.68,1.05037037037037,0.296762589928058,0.125,0.125,0.25
"652",94,25,0,6,0.333333333333333,0.44,0.523809523809524,0.963809523809524,0.339350180505415,0.142857142857143,0,0.142857142857143
"653",209,58,0,6,0.25,0.344827586206897,0.291666666666667,0.636494252873563,0.309477756286267,0.166666666666667,0,0
"654",48,10,0,0,0.222222222222222,0.3,0.222222222222222,0.522222222222222,0.316349809885932,0,0,0
"655",101,31,0,4,0.192307692307692,0.290322580645161,0.230769230769231,0.521091811414392,0.316753926701571,0.2,0,0
"656",8,2,0,0,0,0.5,0,0.5,0.361702127659574,0,0,0
"657",149,44,0,3,0.30952380952381,0.340909090909091,0.404761904761905,0.745670995670996,0.3184421534937,0.0769230769230769,0,0.0769230769230769
"658",229,57,0,3,0.2,0.214285714285714,0.272727272727273,0.487012987012987,0.269598470363289,0.0909090909090909,0,0.0909090909090909
"659",204,49,0,7,0.219512195121951,0.326530612244898,0.365853658536585,0.692384270781483,0.352678571428571,0,0,0.222222222222222
"660",59,13,0,2,0.4,0.416666666666667,0.6,1.01666666666667,0.518518518518518,0.5,0,0
"661",40,8,0,1,0.333333333333333,0.375,0.333333333333333,0.708333333333333,0.377622377622378,0,0,0
"662",115,30,0,3,0.321428571428571,0.366666666666667,0.642857142857143,1.00952380952381,0.343137254901961,0.333333333333333,0,0.222222222222222
"663",403,110,0,16,0.269662921348315,0.358490566037736,0.426966292134831,0.785456858172567,0.316209476309227,0.208333333333333,0,0.125
"664",42,11,0,3,0.333333333333333,0.454545454545455,0.666666666666667,1.12121212121212,0.311111111111111,0,0,0.333333333333333
"665",422,112,0,19,0.285714285714286,0.351351351351351,0.438775510204082,0.790126861555433,0.312098991750687,0.214285714285714,0,0.107142857142857
"666",396,97,0,17,0.344086021505376,0.371134020618557,0.602150537634409,0.973284558252965,0.28957528957529,0.1875,0,0.1875
"667",160,36,0,6,0.233333333333333,0.361111111111111,0.4,0.761111111111111,0.309895833333333,0.285714285714286,0,0.142857142857143
"668",166,38,0,7,0.333333333333333,0.421052631578947,0.424242424242424,0.845295055821372,0.335380835380835,0,0,0.0909090909090909
"669",255,66,0,7,0.211538461538462,0.363636363636364,0.403846153846154,0.767482517482518,0.321928460342146,0.181818181818182,0.0909090909090909,0.181818181818182
"670",57,14,0,3,0.454545454545455,0.571428571428571,0.454545454545455,1.02597402597403,0.35,0,0,0
"671",13,3,0,2,0.5,0.666666666666667,0.5,1.16666666666667,0.375510204081633,0,0,0
"672",135,40,0,2,0.235294117647059,0.27027027027027,0.352941176470588,0.623211446740858,0.313274336283186,0.125,0,0.125
"673",161,37,0,5,0.3125,0.378378378378378,0.53125,0.909628378378378,0.303754266211604,0.1,0,0.2
"674",8,2,0,1,1,1,1,2,0.347826086956522,0,0,0
"675",95,23,0,1,0.19047619047619,0.260869565217391,0.238095238095238,0.498964803312629,0.307142857142857,0.25,0,0
"676",380,101,0,13,0.297872340425532,0.33,0.436170212765957,0.766170212765958,0.310734463276836,0.142857142857143,0,0.107142857142857
"677",191,56,0,9,0.391304347826087,0.454545454545455,0.543478260869565,0.99802371541502,0.325334821428571,0.111111111111111,0.0555555555555556,0.0555555555555556
"678",304,74,0,10,0.313432835820896,0.378378378378378,0.537313432835821,0.915691811214199,0.332452081956378,0.142857142857143,0,0.19047619047619
"679",65,17,0,4,0.307692307692308,0.470588235294118,0.538461538461538,1.00904977375566,0.365853658536585,0,0,0.25
"680",354,92,0,14,0.289156626506024,0.322222222222222,0.55421686746988,0.876439089692102,0.345498783454988,0.208333333333333,0.0416666666666667,0.208333333333333
"681",48,14,0,1,0.230769230769231,0.285714285714286,0.461538461538462,0.747252747252747,0.225806451612903,0,0,0.333333333333333
"682",534,143,0,24,0.343065693430657,0.370629370629371,0.547445255474453,0.918074626103823,0.329861111111111,0.148936170212766,0,0.148936170212766
"683",196,56,0,8,0.212765957446809,0.285714285714286,0.48936170212766,0.775075987841945,0.288372093023256,0.1,0,0.4
"684",166,46,0,5,0.216216216216216,0.318181818181818,0.27027027027027,0.588452088452089,0.330188679245283,0,0.125,0
"685",259,57,0,5,0.304347826086957,0.43859649122807,0.41304347826087,0.85163996948894,0.339593114241002,0.357142857142857,0,0
"686",189,53,0,3,0.285714285714286,0.307692307692308,0.306122448979592,0.6138147566719,0.361266294227188,0.0714285714285714,0,0
"687",217,58,0,9,0.38,0.448275862068966,0.56,1.00827586206897,0.32398316970547,0.210526315789474,0.0526315789473684,0.0526315789473684
"688",156,47,0,5,0.372093023255814,0.425531914893617,0.418604651162791,0.844136566056408,0.414285714285714,0.125,0,0
"689",36,10,0,1,0.222222222222222,0.3,0.222222222222222,0.522222222222222,0.368421052631579,0,0,0
"690",473,121,0,16,0.242424242424242,0.355932203389831,0.414141414141414,0.770073617531245,0.319294809010774,0.333333333333333,0,0.125
"691",168,41,0,10,0.424242424242424,0.525,0.545454545454545,1.07045454545455,0.37984496124031,0.0714285714285714,0,0.0714285714285714
"692",401,103,0,11,0.263736263736264,0.349514563106796,0.351648351648352,0.701162914755148,0.362637362637363,0.0833333333333333,0,0.0833333333333333
"693",218,59,0,8,0.346938775510204,0.431034482758621,0.489795918367347,0.920830401125968,0.307553956834532,0.0588235294117647,0,0.117647058823529
"694",457,121,0,25,0.30188679245283,0.366666666666667,0.518867924528302,0.885534591194969,0.338947368421053,0.25,0,0.15625
"695",175,44,0,19,0.588235294117647,0.636363636363636,0.882352941176471,1.51871657754011,0.347619047619048,0.05,0,0.15
"696",391,106,0,14,0.291666666666667,0.342857142857143,0.46875,0.811607142857143,0.358003442340792,0.107142857142857,0.0357142857142857,0.142857142857143
"697",388,99,0,19,0.3,0.363636363636364,0.411111111111111,0.774747474747475,0.304744525547445,0.148148148148148,0,0.0740740740740741
"698",224,59,0,10,0.296296296296296,0.338983050847458,0.481481481481481,0.820464532328939,0.35632183908046,0.25,0,0.125
"699",207,46,0,3,0.225,0.311111111111111,0.25,0.561111111111111,0.30635838150289,0.111111111111111,0,0
"700",157,47,0,4,0.266666666666667,0.297872340425532,0.422222222222222,0.720094562647754,0.341085271317829,0.0833333333333333,0,0.166666666666667
"701",87,24,0,11,0.5,0.541666666666667,0.7,1.24166666666667,0.5,0.1,0,0.1
"702",115,31,0,5,0.333333333333333,0.4,0.740740740740741,1.14074074074074,0.344800625488663,0.222222222222222,0,0.333333333333333
"703",235,54,0,5,0.18,0.240740740740741,0.18,0.420740740740741,0.331444759206799,0,0,0
"704",37,9,0,4,0.6,0.666666666666667,0.6,1.26666666666667,0.312775330396476,0,0,0
"705",60,14,0,0,0.307692307692308,0.357142857142857,0.307692307692308,0.664835164835165,0.363321799307958,0,0,0
"706",264,62,0,14,0.365384615384615,0.451612903225806,0.480769230769231,0.932382133995037,0.363534675615213,0.210526315789474,0.0526315789473684,0
"707",111,29,0,3,0.346153846153846,0.413793103448276,0.384615384615385,0.79840848806366,0.349593495934959,0.111111111111111,0,0
"708",388,93,0,15,0.246575342465753,0.402173913043478,0.383561643835616,0.785735556879095,0.27831715210356,0.0555555555555556,0,0.166666666666667
"709",225,60,0,8,0.288461538461538,0.322033898305085,0.326923076923077,0.648956975228162,0.272727272727273,0.133333333333333,0,0
"710",161,44,0,6,0.325,0.386363636363636,0.475,0.861363636363636,0.358208955223881,0.230769230769231,0,0.0769230769230769
"711",251,67,0,17,0.4,0.454545454545455,0.516666666666667,0.971212121212121,0.356846473029046,0.166666666666667,0,0.0416666666666667
"712",547,137,0,18,0.317073170731707,0.355555555555556,0.382113821138211,0.737669376693767,0.322191780821918,0.153846153846154,0.0256410256410256,0
"713",199,47,0,9,0.232558139534884,0.282608695652174,0.441860465116279,0.724469160768453,0.365384615384615,0.3,0,0.2
"714",401,96,0,12,0.217948717948718,0.351063829787234,0.397435897435897,0.748499727223132,0.347058823529412,0.176470588235294,0.0588235294117647,0.176470588235294
"715",34,10,0,0,0.375,0.5,0.375,0.875,0.355263157894737,0,0,0
"716",172,44,0,7,0.3125,0.488372093023256,0.5625,1.05087209302326,0.33695652173913,0.5,0,0.1
"717",205,57,0,11,0.36,0.418181818181818,0.54,0.958181818181818,0.353658536585366,0.222222222222222,0.0555555555555556,0.0555555555555556
"718",413,112,0,19,0.305263157894737,0.388888888888889,0.463157894736842,0.852046783625731,0.31390134529148,0.103448275862069,0,0.137931034482759
"719",212,57,0,5,0.294117647058824,0.339285714285714,0.490196078431373,0.829481792717087,0.340956340956341,0.266666666666667,0,0.133333333333333
"720",207,59,0,7,0.298245614035088,0.310344827586207,0.421052631578947,0.731397459165154,0.394594594594595,0.235294117647059,0,0.0588235294117647
"721",40,14,0,9,0.692307692307692,0.642857142857143,1.23076923076923,1.87362637362637,0.334545454545455,0.111111111111111,0,0.222222222222222
"722",284,68,0,6,0.274193548387097,0.313432835820896,0.354838709677419,0.668271545498315,0.367387033398821,0.0588235294117647,0.117647058823529,0
"723",177,49,0,10,0.41304347826087,0.4375,0.717391304347826,1.15489130434783,0.359464627151052,0.263157894736842,0,0.157894736842105
"724",46,11,0,0,0.1,0.181818181818182,0.2,0.381818181818182,0.323144104803493,1,0,0
"725",159,40,0,8,0.323529411764706,0.425,0.441176470588235,0.866176470588235,0.33652312599681,0.363636363636364,0,0
"726",179,48,0,7,0.255813953488372,0.333333333333333,0.418604651162791,0.751937984496124,0.347107438016529,0.181818181818182,0.0909090909090909,0.0909090909090909
"727",320,85,0,10,0.243243243243243,0.317073170731707,0.378378378378378,0.695451549110086,0.339066339066339,0.222222222222222,0,0.111111111111111
"728",337,95,0,15,0.35632183908046,0.393617021276596,0.597701149425287,0.991318170701883,0.306451612903226,0.32258064516129,0.032258064516129,0.0967741935483871
"729",92,22,0,5,0.4,0.454545454545455,0.7,1.15454545454545,0.343598055105348,0.375,0,0.125
"730",21,6,0,2,0.5,0.5,1.16666666666667,1.66666666666667,0.383886255924171,0.333333333333333,0,0.333333333333333
"731",545,139,3,20,0.336,0.386861313868613,0.456,0.842861313868613,0.332452081956378,0.142857142857143,0,0.0714285714285714
"732",88,21,0,5,0.411764705882353,0.45,0.705882352941177,1.15588235294118,0.350710900473934,0.285714285714286,0,0.142857142857143
"733",350,84,1,21,0.319444444444444,0.409638554216867,0.527777777777778,0.937416331994645,0.393063583815029,0.130434782608696,0,0.173913043478261
"734",338,82,0,13,0.28,0.333333333333333,0.413333333333333,0.746666666666667,0.340857787810384,0.0476190476190476,0,0.142857142857143
"735",103,26,0,5,0.346153846153846,0.346153846153846,0.576923076923077,0.923076923076923,0.334146341463415,0.333333333333333,0,0.111111111111111
"736",101,24,0,3,0.19047619047619,0.291666666666667,0.238095238095238,0.529761904761905,0.351906158357771,0.25,0,0
"737",147,35,0,9,0.3125,0.342857142857143,0.5625,0.905357142857143,0.337765957446808,0.5,0,0.1
"738",215,55,0,8,0.288888888888889,0.384615384615385,0.444444444444444,0.829059829059829,0.397683397683398,0.307692307692308,0,0.0769230769230769
"739",98,23,0,4,0.333333333333333,0.565217391304348,0.533333333333333,1.09855072463768,0.320113314447592,0.2,0.2,0
"740",82,23,0,3,0.285714285714286,0.318181818181818,0.428571428571429,0.746753246753247,0.296127562642369,0,0,0.166666666666667
"741",224,47,0,6,0.236842105263158,0.347826086956522,0.447368421052632,0.795194508009153,0.281115879828326,0.222222222222222,0,0.222222222222222
"742",369,92,0,15,0.243243243243243,0.369565217391304,0.378378378378378,0.747943595769683,0.331908831908832,0.222222222222222,0,0.111111111111111
"743",166,41,0,4,0.243243243243243,0.317073170731707,0.351351351351351,0.668424522083059,0.325657894736842,0.111111111111111,0,0.111111111111111
"744",216,56,0,1,0.18,0.25,0.22,0.47,0.364444444444444,0.222222222222222,0,0
"745",253,72,0,14,0.344262295081967,0.436619718309859,0.442622950819672,0.879242669129531,0.333333333333333,0.142857142857143,0,0.0476190476190476
"746",500,139,0,23,0.3359375,0.369565217391304,0.4375,0.807065217391304,0.330211927057664,0.162790697674419,0.0697674418604651,0
"747",484,123,0,12,0.24,0.352459016393443,0.28,0.632459016393443,0.3125,0.166666666666667,0,0
"748",501,134,0,22,0.30952380952381,0.330827067669173,0.404761904761905,0.735588972431078,0.270315091210614,0.153846153846154,0,0.0512820512820513
"749",101,25,0,8,0.411764705882353,0.56,0.764705882352941,1.32470588235294,0.363636363636364,0.142857142857143,0.142857142857143,0.142857142857143
"750",14,6,0,2,0.6,0.666666666666667,0.8,1.46666666666667,0.272727272727273,0.333333333333333,0,0
"751",118,33,0,3,0.366666666666667,0.40625,0.466666666666667,0.872916666666667,0.350961538461538,0.272727272727273,0,0
"752",334,96,0,15,0.305882352941176,0.378947368421053,0.447058823529412,0.826006191950464,0.326170376055257,0.115384615384615,0,0.115384615384615
"753",108,29,0,3,0.423076923076923,0.482758620689655,0.538461538461538,1.02122015915119,0.3486529318542,0.272727272727273,0,0
"754",124,32,0,6,0.333333333333333,0.375,0.666666666666667,1.04166666666667,0.303317535545024,0.111111111111111,0.111111111111111,0.222222222222222
"755",119,34,0,6,0.285714285714286,0.382352941176471,0.428571428571429,0.810924369747899,0.296,0.125,0,0.125
"756",101,25,0,2,0.208333333333333,0.24,0.25,0.49,0.273858921161826,0.2,0,0
"757",27,7,0,0,0.333333333333333,0.428571428571429,0.5,0.928571428571429,0.314285714285714,0.5,0,0
"758",131,31,0,5,0.153846153846154,0.290322580645161,0.423076923076923,0.713399503722084,0.295081967213115,0.25,0,0.5
"759",198,55,0,8,0.333333333333333,0.363636363636364,0.529411764705882,0.893048128342246,0.301801801801802,0.235294117647059,0,0.117647058823529
"760",118,27,0,4,0.416666666666667,0.423076923076923,0.791666666666667,1.21474358974359,0.316326530612245,0.3,0,0.2
"761",285,72,0,9,0.303030303030303,0.361111111111111,0.46969696969697,0.830808080808081,0.348127600554785,0.25,0,0.1
"762",118,38,0,5,0.333333333333333,0.405405405405405,0.515151515151515,0.920556920556921,0.354545454545455,0,0,0.181818181818182
"763",450,117,0,25,0.313131313131313,0.413793103448276,0.454545454545455,0.86833855799373,0.331292517006803,0.258064516129032,0,0.0645161290322581
"764",95,24,0,4,0.235294117647059,0.458333333333333,0.470588235294118,0.928921568627451,0.326693227091633,0.25,0,0.25
"765",67,18,0,1,0.388888888888889,0.388888888888889,0.5,0.888888888888889,0.389830508474576,0,0.142857142857143,0
"766",514,128,0,18,0.300884955752212,0.377952755905512,0.469026548672566,0.846979304578078,0.295361127422196,0.176470588235294,0.0588235294117647,0.0882352941176471
"767",366,101,0,15,0.293478260869565,0.35,0.5,0.85,0.323069852941176,0.148148148148148,0,0.185185185185185
"768",22,5,0,2,0.25,0.4,1,1.4,0.333333333333333,0,0,1
"769",25,8,0,3,0.666666666666667,0.625,1.16666666666667,1.79166666666667,0.344262295081967,0,0,0.25
"770",57,14,0,5,0.384615384615385,0.428571428571429,0.769230769230769,1.1978021978022,0.346260387811634,0.4,0,0.2
"771",181,48,0,5,0.219512195121951,0.333333333333333,0.292682926829268,0.626016260162602,0.32807570977918,0.333333333333333,0,0
"772",202,54,0,4,0.224489795918367,0.277777777777778,0.408163265306122,0.6859410430839,0.364928909952607,0.0909090909090909,0.0909090909090909,0.181818181818182
"773",474,130,0,12,0.247863247863248,0.3125,0.384615384615385,0.697115384615385,0.30561555075594,0.172413793103448,0.0344827586206897,0.103448275862069
"774",120,36,0,7,0.484848484848485,0.5,0.666666666666667,1.16666666666667,0.33125,0.1875,0,0.0625
"775",66,19,0,1,0.352941176470588,0.421052631578947,0.352941176470588,0.773993808049536,0.30939226519337,0,0,0
"776",89,23,0,5,0.4,0.478260869565217,0.8,1.27826086956522,0.368794326241135,0.25,0,0.25
"777",249,62,0,7,0.269230769230769,0.387096774193548,0.365384615384615,0.752481389578164,0.323215289488477,0.142857142857143,0,0.0714285714285714
"778",240,61,0,9,0.326530612244898,0.433333333333333,0.469387755102041,0.902721088435374,0.323976608187135,0.0625,0,0.125
"779",417,113,1,17,0.300970873786408,0.345132743362832,0.485436893203884,0.830569636566715,0.322538860103627,0.161290322580645,0.032258064516129,0.129032258064516
"780",469,132,0,7,0.1875,0.212121212121212,0.2734375,0.485558712121212,0.290829694323144,0.0833333333333333,0,0.125
"781",321,83,0,13,0.225352112676056,0.329268292682927,0.309859154929577,0.639127447612504,0.305587229190422,0.25,0.0625,0
"782",82,20,0,2,0.2,0.35,0.266666666666667,0.616666666666667,0.322429906542056,0.333333333333333,0,0
"783",59,15,0,2,0.384615384615385,0.466666666666667,0.384615384615385,0.851282051282051,0.478260869565217,0,0,0
"784",450,116,0,19,0.288659793814433,0.373913043478261,0.43298969072165,0.80690273419991,0.328193832599119,0.178571428571429,0,0.107142857142857
"785",299,69,0,4,0.196428571428571,0.347826086956522,0.196428571428571,0.544254658385093,0.315441176470588,0,0,0
"786",24,5,0,1,0.333333333333333,0.6,0.333333333333333,0.933333333333333,0.336734693877551,0,0,0
"787",97,22,0,5,0.352941176470588,0.454545454545455,0.411764705882353,0.866310160427807,0.34070796460177,0.166666666666667,0,0
"788",52,17,0,3,0.411764705882353,0.411764705882353,0.588235294117647,1,0.416666666666667,0.428571428571429,0,0
"789",19,5,0,0,0.5,0.6,0.5,1.1,0.351851851851852,0,0,0
"790",204,50,0,3,0.260869565217391,0.285714285714286,0.478260869565217,0.763975155279503,0.296718972895863,0.0833333333333333,0,0.25
"791",253,68,0,9,0.225806451612903,0.283582089552239,0.354838709677419,0.638420799229658,0.313703284258211,0.357142857142857,0,0.0714285714285714
"792",142,40,0,7,0.375,0.475,0.40625,0.88125,0.314220183486239,0.0833333333333333,0,0
"793",110,29,0,7,0.346153846153846,0.413793103448276,0.461538461538462,0.875331564986737,0.36094674556213,0.333333333333333,0,0
"794",187,53,0,13,0.46,0.490566037735849,0.64,1.13056603773585,0.356363636363636,0.391304347826087,0,0
"795",201,53,0,9,0.391304347826087,0.442307692307692,0.478260869565217,0.92056856187291,0.393617021276596,0.222222222222222,0,0
"796",428,107,0,8,0.237113402061856,0.308411214953271,0.422680412371134,0.731091627324405,0.317269076305221,0.173913043478261,0.0434782608695652,0.173913043478261
"797",25,8,0,2,0.333333333333333,0.5,0.5,1,0.272727272727273,0.5,0,0
"798",203,55,0,2,0.183673469387755,0.259259259259259,0.204081632653061,0.46334089191232,0.278372591006424,0.111111111111111,0,0
"799",78,16,0,1,0.25,0.4375,0.333333333333333,0.770833333333333,0.29987293519695,0.333333333333333,0,0
"800",203,51,0,6,0.26,0.274509803921569,0.32,0.594509803921569,0.407407407407407,0,0,0.0769230769230769
"801",427,102,0,20,0.359550561797753,0.424242424242424,0.561797752808989,0.986040177051413,0.282184655396619,0.09375,0,0.15625
"802",159,45,0,4,0.261904761904762,0.288888888888889,0.357142857142857,0.646031746031746,0.35361216730038,0.0909090909090909,0,0.0909090909090909
"803",1,1,0,0,1,1,1,2,0.291970802919708,0,0,0
"804",543,134,0,12,0.224137931034483,0.323308270676692,0.362068965517241,0.685377236193933,0.312305295950156,0.153846153846154,0,0.153846153846154
"805",115,28,0,3,0.192307692307692,0.25,0.423076923076923,0.673076923076923,0.333965844402277,0,0,0.4
"806",125,36,0,4,0.28125,0.361111111111111,0.4375,0.798611111111111,0.332167832167832,0,0.111111111111111,0.111111111111111
"807",149,38,0,4,0.275862068965517,0.421052631578947,0.551724137931034,0.972776769509982,0.326086956521739,0.25,0,0.25
"808",547,141,0,12,0.228346456692913,0.294964028776978,0.37007874015748,0.665042768934459,0.320437670965221,0.206896551724138,0,0.137931034482759
"809",332,84,0,14,0.378378378378378,0.44047619047619,0.675675675675676,1.11615186615187,0.313131313131313,0.25,0,0.178571428571429
"810",449,113,0,16,0.266666666666667,0.401785714285714,0.422222222222222,0.824007936507936,0.305204648812532,0.0833333333333333,0,0.166666666666667
"811",173,51,0,3,0.195652173913043,0.26,0.260869565217391,0.520869565217391,0.308529945553539,0,0,0.111111111111111
"812",85,23,0,6,0.333333333333333,0.391304347826087,0.571428571428571,0.962732919254658,0.269633507853403,0.285714285714286,0,0.142857142857143
"813",43,11,0,2,0.454545454545455,0.454545454545455,0.818181818181818,1.27272727272727,0.304704595185996,0.2,0,0.2
"814",102,21,0,2,0.210526315789474,0.285714285714286,0.421052631578947,0.706766917293233,0.280748663101604,0.25,0,0.25
"815",488,133,1,18,0.288135593220339,0.341085271317829,0.449152542372881,0.790237813690711,0.323436512950095,0.235294117647059,0.0294117647058824,0.0882352941176471
"816",404,106,0,22,0.333333333333333,0.433962264150943,0.422222222222222,0.856184486373166,0.393548387096774,0.0666666666666667,0,0.0666666666666667
"817",260,69,0,2,0.166666666666667,0.25,0.2,0.45,0.324175824175824,0.2,0,0
"818",234,61,0,8,0.303571428571429,0.344262295081967,0.464285714285714,0.808548009367682,0.306,0.176470588235294,0,0.117647058823529
"819",238,63,0,11,0.327586206896552,0.380952380952381,0.431034482758621,0.811986863711002,0.358730158730159,0.210526315789474,0.0526315789473684,0
"820",456,117,0,22,0.415841584158416,0.456896551724138,0.514851485148515,0.971748036872653,0.32725321888412,0.0476190476190476,0.0238095238095238,0.0476190476190476
"821",86,24,0,3,0.222222222222222,0.391304347826087,0.388888888888889,0.780193236714976,0.272727272727273,0,0,0.25
"822",228,57,0,10,0.269230769230769,0.315789473684211,0.403846153846154,0.719635627530364,0.296762589928058,0.5,0,0
"823",164,41,0,5,0.242424242424242,0.375,0.363636363636364,0.738636363636364,0.339350180505415,0.125,0,0.125
"824",99,27,0,5,0.192307692307692,0.222222222222222,0.461538461538462,0.683760683760684,0.309477756286267,0.2,0,0.4
"825",215,64,0,8,0.311475409836066,0.34375,0.557377049180328,0.901127049180328,0.316349809885932,0.157894736842105,0,0.210526315789474
"826",26,7,0,0,0.4,0.571428571428571,0.4,0.971428571428571,0.316753926701571,0,0,0
"827",108,31,0,1,0.266666666666667,0.290322580645161,0.266666666666667,0.556989247311828,0.361702127659574,0,0,0
"828",185,47,0,4,0.232558139534884,0.297872340425532,0.348837209302326,0.646709549727857,0.3184421534937,0.2,0,0.1
"829",32,8,0,0,0.142857142857143,0.25,0.285714285714286,0.535714285714286,0.269598470363289,1,0,0
"830",486,121,4,28,0.37962962962963,0.436974789915966,0.5,0.936974789915966,0.352678571428571,0.170731707317073,0,0.0487804878048781
"831",92,21,0,5,0.277777777777778,0.380952380952381,0.5,0.880952380952381,0.354098360655738,0.2,0,0.2
"832",20,6,0,4,1,1,1.25,2.25,0.377622377622378,0.25,0,0
"833",483,139,1,22,0.36,0.41304347826087,0.48,0.89304347826087,0.316209476309227,0.155555555555556,0.0222222222222222,0.0444444444444444
"834",195,50,0,8,0.219512195121951,0.333333333333333,0.341463414634146,0.67479674796748,0.311111111111111,0.222222222222222,0,0.111111111111111
"835",98,25,0,2,0.363636363636364,0.44,0.5,0.94,0.365358592692828,0.375,0,0
"836",573,139,0,16,0.277310924369748,0.35036496350365,0.403361344537815,0.753726308041465,0.312098991750687,0.181818181818182,0,0.0909090909090909
"837",314,80,0,23,0.328767123287671,0.3875,0.780821917808219,1.16832191780822,0.28957528957529,0.125,0,0.416666666666667
"838",202,46,0,7,0.195121951219512,0.282608695652174,0.390243902439024,0.672852598091198,0.309895833333333,0.25,0,0.25
"839",216,51,0,4,0.239130434782609,0.294117647058824,0.391304347826087,0.685421994884911,0.335380835380835,0.272727272727273,0.181818181818182,0
"840",286,77,0,16,0.343283582089552,0.428571428571429,0.641791044776119,1.07036247334755,0.321928460342146,0.217391304347826,0,0.217391304347826
"841",65,18,0,1,0.277777777777778,0.277777777777778,0.277777777777778,0.555555555555556,0.375510204081633,0,0,0
"842",222,52,0,1,0.166666666666667,0.230769230769231,0.25,0.480769230769231,0.313274336283186,0.125,0,0.125
"843",184,51,0,8,0.214285714285714,0.333333333333333,0.380952380952381,0.714285714285714,0.303754266211604,0.111111111111111,0,0.222222222222222
"844",26,7,0,3,0.2,0.428571428571429,0.2,0.628571428571429,0.235294117647059,0,0,0
"845",503,114,0,6,0.137254901960784,0.212389380530973,0.215686274509804,0.428075655040777,0.307142857142857,0.142857142857143,0,0.142857142857143
"846",480,127,0,15,0.25,0.307086614173228,0.446428571428571,0.7535151856018,0.310734463276836,0.107142857142857,0.0714285714285714,0.178571428571429
"847",347,91,0,18,0.379746835443038,0.444444444444444,0.493670886075949,0.938115330520394,0.325334821428571,0.1,0,0.0666666666666667
"848",389,102,0,14,0.347826086956522,0.401960784313726,0.510869565217391,0.912830349531117,0.345498783454988,0.1875,0,0.09375
"849",423,113,0,19,0.283018867924528,0.321428571428571,0.471698113207547,0.793126684636119,0.329861111111111,0.166666666666667,0,0.166666666666667
"850",167,44,0,6,0.358974358974359,0.431818181818182,0.538461538461538,0.97027972027972,0.288372093023256,0.142857142857143,0.0714285714285714,0.0714285714285714
"851",150,44,0,4,0.342105263157895,0.418604651162791,0.447368421052632,0.865973072215422,0.330188679245283,0.0769230769230769,0,0.0769230769230769
"852",190,46,0,3,0.307692307692308,0.377777777777778,0.333333333333333,0.711111111111111,0.36222005842259,0.0833333333333333,0,0
"853",184,45,0,3,0.227272727272727,0.244444444444444,0.340909090909091,0.585353535353535,0.339593114241002,0.2,0,0.1
"854",91,31,0,6,0.433333333333333,0.451612903225806,0.566666666666667,1.01827956989247,0.383720930232558,0.0769230769230769,0,0.0769230769230769
"855",99,29,0,1,0.192307692307692,0.214285714285714,0.269230769230769,0.483516483516483,0.361266294227188,0,0.2,0
"856",201,52,0,6,0.225,0.36734693877551,0.4,0.76734693877551,0.32398316970547,0.111111111111111,0,0.222222222222222
"857",9,4,0,0,0.25,0.25,0.25,0.5,0.414285714285714,0,0,0
"858",56,17,0,1,0.416666666666667,0.4375,0.5,0.9375,0.368421052631579,0.2,0,0
"859",545,142,0,11,0.282258064516129,0.364285714285714,0.346774193548387,0.711059907834101,0.319294809010774,0.0571428571428571,0,0.0571428571428571
"860",25,7,0,1,0.166666666666667,0.285714285714286,0.666666666666667,0.952380952380952,0.319303338171263,0,0,1
"861",57,17,0,2,0.333333333333333,0.352941176470588,0.333333333333333,0.686274509803922,0.333793103448276,0,0,0
"862",199,50,0,8,0.282608695652174,0.306122448979592,0.5,0.806122448979592,0.37984496124031,0.0769230769230769,0,0.230769230769231
"863",470,114,0,26,0.404255319148936,0.491071428571429,0.574468085106383,1.06553951367781,0.362637362637363,0.105263157894737,0,0.105263157894737
"864",134,35,0,4,0.333333333333333,0.428571428571429,0.666666666666667,1.0952380952381,0.324675324675325,0.1,0,0.3
"865",326,94,0,13,0.342105263157895,0.426966292134831,0.565789473684211,0.992755765819042,0.338947368421053,0.0769230769230769,0,0.192307692307692
"866",422,109,0,17,0.336633663366337,0.361111111111111,0.415841584158416,0.776952695269527,0.347619047619048,0.147058823529412,0,0.0294117647058824
"867",376,94,0,16,0.346153846153846,0.433333333333333,0.5,0.933333333333333,0.358003442340792,0.222222222222222,0,0.0740740740740741
"868",87,25,0,5,0.333333333333333,0.4,0.428571428571429,0.828571428571429,0.35632183908046,0.285714285714286,0,0
"869",209,50,0,4,0.232558139534884,0.34,0.372093023255814,0.712093023255814,0.30635838150289,0.3,0,0.1
"870",27,8,0,5,0.714285714285714,0.75,1.28571428571429,2.03571428571429,0.341085271317829,0.2,0,0.2
"871",400,105,0,16,0.326086956521739,0.4,0.402173913043478,0.802173913043478,0.344800625488663,0.0666666666666667,0.0333333333333333,0.0333333333333333
"872",19,7,0,1,0.5,0.428571428571429,0.666666666666667,1.0952380952381,0.402777777777778,0.333333333333333,0,0
"873",350,82,0,10,0.283783783783784,0.3375,0.432432432432432,0.769932432432432,0.331444759206799,0.238095238095238,0,0.0952380952380952
"874",97,23,0,5,0.368421052631579,0.478260869565217,0.368421052631579,0.846681922196796,0.363321799307958,0,0,0
"875",236,63,0,16,0.346153846153846,0.4,0.634615384615385,1.03461538461538,0.363534675615213,0.166666666666667,0,0.222222222222222
"876",135,37,0,3,0.241379310344828,0.333333333333333,0.344827586206897,0.67816091954023,0.349593495934959,0,0,0.142857142857143
"877",261,59,0,5,0.188679245283019,0.254237288135593,0.30188679245283,0.556124080588423,0.27831715210356,0,0,0.2
"878",69,18,0,2,0.176470588235294,0.222222222222222,0.352941176470588,0.57516339869281,0.272727272727273,0,0,0.333333333333333
"879",67,14,0,1,0.285714285714286,0.285714285714286,0.357142857142857,0.642857142857143,0.358208955223881,0.25,0,0
"880",406,96,0,13,0.329268292682927,0.414893617021277,0.378048780487805,0.792942397509081,0.356846473029046,0.148148148148148,0,0
"881",374,103,0,10,0.291666666666667,0.316831683168317,0.354166666666667,0.670998349834984,0.322191780821918,0.214285714285714,0,0
"882",71,16,0,4,0.384615384615385,0.5,0.384615384615385,0.884615384615385,0.365384615384615,0,0,0
"883",237,56,1,9,0.319148936170213,0.4,0.425531914893617,0.825531914893617,0.347058823529412,0.133333333333333,0,0.0666666666666667
"884",209,54,0,6,0.244897959183673,0.314814814814815,0.510204081632653,0.825018896447468,0.352941176470588,0.333333333333333,0,0.25
"885",150,36,0,4,0.3125,0.388888888888889,0.34375,0.732638888888889,0.355263157894737,0.1,0,0
"886",20,6,0,3,0.6,0.666666666666667,1.4,2.06666666666667,0.353658536585366,0.333333333333333,0,0.333333333333333
"887",493,128,0,11,0.245454545454545,0.336,0.390909090909091,0.726909090909091,0.31390134529148,0.148148148148148,0,0.148148148148148
"888",164,39,0,5,0.264705882352941,0.358974358974359,0.441176470588235,0.800150829562594,0.340956340956341,0,0,0.222222222222222
"889",82,20,0,2,0.277777777777778,0.3,0.666666666666667,0.966666666666667,0.394594594594595,0.4,0.2,0.2
"890",218,57,0,10,0.26,0.339285714285714,0.48,0.819285714285714,0.334545454545455,0.461538461538462,0.0769230769230769,0.0769230769230769
"891",186,48,1,11,0.263157894736842,0.416666666666667,0.473684210526316,0.890350877192982,0.367387033398821,0.2,0,0.2
"892",106,30,0,5,0.481481481481481,0.5,0.666666666666667,1.16666666666667,0.359464627151052,0.230769230769231,0.0769230769230769,0
"893",56,16,0,4,0.4,0.4375,0.466666666666667,0.904166666666667,0.323144104803493,0.166666666666667,0,0
"894",159,41,0,9,0.212121212121212,0.365853658536585,0.303030303030303,0.668883961566888,0.33652312599681,0.428571428571429,0,0
"895",145,33,0,6,0.321428571428571,0.424242424242424,0.5,0.924242424242424,0.347107438016529,0,0.111111111111111,0.111111111111111
"896",89,21,0,7,0.388888888888889,0.476190476190476,0.444444444444444,0.920634920634921,0.339066339066339,0.142857142857143,0,0
"897",369,100,0,11,0.311827956989247,0.353535353535354,0.440860215053763,0.794395568589117,0.306451612903226,0.206896551724138,0,0.0689655172413793
"898",106,25,0,4,0.347826086956522,0.4,0.434782608695652,0.834782608695652,0.343598055105348,0.25,0,0
"899",94,24,0,4,0.35,0.434782608695652,0.45,0.884782608695652,0.383886255924171,0.285714285714286,0,0
"900",529,132,0,15,0.352941176470588,0.401515151515151,0.445378151260504,0.846893302775656,0.332452081956378,0.19047619047619,0,0.0238095238095238
"901",536,125,0,10,0.259259259259259,0.349593495934959,0.333333333333333,0.682926829268293,0.393063583815029,0.178571428571429,0,0.0357142857142857
"902",456,117,0,23,0.358490566037736,0.41025641025641,0.575471698113208,0.985728108369618,0.340857787810384,0.184210526315789,0.0526315789473684,0.105263157894737
"903",168,41,0,7,0.294117647058824,0.365853658536585,0.411764705882353,0.777618364418938,0.334146341463415,0.1,0,0.1
"904",127,33,0,8,0.375,0.5,0.583333333333333,1.08333333333333,0.351906158357771,0.222222222222222,0,0.111111111111111
"905",83,27,0,3,0.458333333333333,0.5,0.791666666666667,1.29166666666667,0.337765957446808,0.181818181818182,0,0.181818181818182
"906",235,55,0,8,0.375,0.454545454545455,0.5,0.954545454545455,0.397683397683398,0.222222222222222,0.0555555555555556,0
"907",70,18,0,3,0.333333333333333,0.444444444444444,0.333333333333333,0.777777777777778,0.296127562642369,0,0,0
"908",191,46,0,3,0.181818181818182,0.2,0.340909090909091,0.540909090909091,0.281115879828326,0.125,0,0.25
"909",230,51,0,7,0.2,0.352941176470588,0.325,0.677941176470588,0.331908831908832,0.25,0,0.125
"910",102,27,0,4,0.230769230769231,0.259259259259259,0.423076923076923,0.682336182336182,0.325657894736842,0.333333333333333,0,0.166666666666667
"911",167,41,0,6,0.257142857142857,0.341463414634146,0.514285714285714,0.855749128919861,0.364444444444444,0.111111111111111,0.111111111111111,0.222222222222222
"912",55,16,0,1,0.266666666666667,0.3125,0.333333333333333,0.645833333333333,0.317073170731707,0.25,0,0
"913",114,27,0,3,0.260869565217391,0.333333333333333,0.347826086956522,0.681159420289855,0.333333333333333,0.333333333333333,0,0
"914",449,127,0,19,0.356521739130435,0.403225806451613,0.495652173913044,0.898877980364656,0.330211927057664,0.121951219512195,0.024390243902439,0.0731707317073171
"915",527,125,0,7,0.188679245283019,0.300813008130081,0.245283018867925,0.546096026998006,0.3125,0.15,0,0.05
"916",346,88,0,3,0.168674698795181,0.197674418604651,0.180722891566265,0.378397310170916,0.270315091210614,0.0714285714285714,0,0
"917",92,23,0,4,0.473684210526316,0.521739130434783,0.526315789473684,1.04805491990847,0.272727272727273,0.111111111111111,0,0
"918",110,27,0,6,0.454545454545455,0.5,0.954545454545455,1.45454545454545,0.350961538461538,0.2,0,0.3
"919",215,61,0,10,0.321428571428571,0.377049180327869,0.482142857142857,0.859192037470726,0.326170376055257,0.333333333333333,0,0.0555555555555556
"920",161,36,0,0,0.21875,0.305555555555556,0.21875,0.524305555555556,0.3486529318542,0,0,0
"921",242,64,0,9,0.264150943396226,0.349206349206349,0.377358490566038,0.726564839772387,0.296,0.214285714285714,0,0.0714285714285714
"922",50,15,0,1,0.181818181818182,0.357142857142857,0.272727272727273,0.62987012987013,0.34125636672326,0.5,0,0
"923",76,19,0,0,0.125,0.263157894736842,0.125,0.388157894736842,0.314285714285714,0,0,0
"924",249,60,0,9,0.244897959183673,0.366666666666667,0.36734693877551,0.734013605442177,0.301801801801802,0.5,0,0
"925",165,38,0,1,0.1875,0.289473684210526,0.28125,0.570723684210526,0.316326530612245,0,0,0.166666666666667
"926",372,88,1,14,0.342857142857143,0.453488372093023,0.557142857142857,1.01063122923588,0.348127600554785,0.416666666666667,0.0416666666666667,0.0416666666666667
"927",45,13,0,2,0.272727272727273,0.384615384615385,0.454545454545455,0.839160839160839,0.354545454545455,0,0.333333333333333,0
"928",348,82,0,17,0.328767123287671,0.378048780487805,0.534246575342466,0.912295355830271,0.331292517006803,0.208333333333333,0.0833333333333333,0.0833333333333333
"929",114,24,0,9,0.266666666666667,0.541666666666667,0.6,1.14166666666667,0.326693227091633,0.5,0,0.25
"930",98,26,0,5,0.260869565217391,0.346153846153846,0.260869565217391,0.607023411371237,0.389830508474576,0,0,0
"931",494,132,0,10,0.245762711864407,0.315384615384615,0.398305084745763,0.713689700130378,0.295361127422196,0.103448275862069,0,0.172413793103448
"932",326,90,1,17,0.337662337662338,0.404494382022472,0.454545454545455,0.859039836567926,0.323069852941176,0.269230769230769,0.0384615384615385,0
"933",51,11,0,1,0.4,0.454545454545455,0.8,1.25454545454545,0.333333333333333,0.25,0,0.25
"934",232,60,0,4,0.296296296296296,0.35,0.37037037037037,0.72037037037037,0.32807570977918,0.0625,0,0.0625
"935",192,47,1,13,0.452380952380952,0.48936170212766,0.738095238095238,1.2274569402229,0.364928909952607,0.263157894736842,0.105263157894737,0.0526315789473684
"936",333,86,0,19,0.413333333333333,0.476744186046512,0.626666666666667,1.10341085271318,0.30561555075594,0.193548387096774,0.0645161290322581,0.0645161290322581
"937",154,37,0,2,0.205882352941176,0.222222222222222,0.294117647058824,0.516339869281046,0.33125,0.142857142857143,0.142857142857143,0
"938",195,50,0,5,0.214285714285714,0.32,0.333333333333333,0.653333333333333,0.30939226519337,0.222222222222222,0,0.111111111111111
"939",415,108,0,15,0.322916666666667,0.398148148148148,0.604166666666667,1.00231481481481,0.323215289488477,0.0967741935483871,0,0.258064516129032
"940",334,87,0,5,0.280487804878049,0.305882352941176,0.414634146341463,0.72051649928264,0.323976608187135,0.217391304347826,0,0.0869565217391304
"941",488,129,0,17,0.289473684210526,0.3515625,0.456140350877193,0.807702850877193,0.322538860103627,0.121212121212121,0,0.151515151515152
"942",492,136,0,17,0.291666666666667,0.356060606060606,0.433333333333333,0.789393939393939,0.290829694323144,0.142857142857143,0,0.114285714285714
"943",368,93,0,4,0.230769230769231,0.354838709677419,0.294871794871795,0.649710504549214,0.305587229190422,0,0.0555555555555556,0.0555555555555556
"944",112,29,0,3,0.166666666666667,0.285714285714286,0.166666666666667,0.452380952380952,0.322429906542056,0,0,0
"945",23,8,0,3,0.428571428571429,0.5,1.42857142857143,1.92857142857143,0.290697674418605,0.333333333333333,0,0.666666666666667
"946",169,47,0,1,0.119047619047619,0.170212765957447,0.166666666666667,0.336879432624113,0.2997542997543,0.4,0,0
"947",102,23,0,2,0.294117647058824,0.428571428571429,0.294117647058824,0.722689075630252,0.328193832599119,0,0,0
"948",427,98,0,15,0.264367816091954,0.34020618556701,0.482758620689655,0.822964806256665,0.315441176470588,0.173913043478261,0,0.217391304347826
"949",46,11,0,0,0.3,0.363636363636364,0.4,0.763636363636364,0.304713804713805,0.333333333333333,0,0
"950",273,70,0,11,0.276923076923077,0.328571428571429,0.523076923076923,0.851648351648352,0.296718972895863,0.111111111111111,0.0555555555555556,0.222222222222222
"951",255,66,0,8,0.258620689655172,0.333333333333333,0.258620689655172,0.591954022988506,0.313703284258211,0,0,0
"952",297,72,0,8,0.278688524590164,0.36231884057971,0.39344262295082,0.75576146353053,0.314220183486239,0.235294117647059,0,0.0588235294117647
"953",72,16,0,3,0.25,0.4,0.5,0.9,0.36094674556213,0,0,0.333333333333333
"954",17,7,0,2,0.4,0.5,1.2,1.7,0.356363636363636,0.5,0,0.5
"955",209,51,0,8,0.404761904761905,0.490196078431373,0.547619047619048,1.03781512605042,0.393617021276596,0.235294117647059,0.0588235294117647,0
"956",512,134,0,9,0.228813559322034,0.297709923664122,0.254237288135593,0.551947211799715,0.317269076305221,0,0,0.037037037037037
"957",12,3,0,0,0,0,0,0,0.272727272727273,0,0,0
"958",179,44,0,6,0.175,0.25,0.375,0.625,0.278372591006424,0,0.142857142857143,0.285714285714286
"959",39,10,0,2,0.444444444444444,0.5,0.777777777777778,1.27777777777778,0.444444444444444,0,0,0.25
"960",132,33,0,5,0.4375,0.454545454545455,0.5,0.954545454545455,0.407407407407407,0.142857142857143,0,0
"961",520,122,0,6,0.192982456140351,0.239669421487603,0.298245614035088,0.537915035522691,0.282184655396619,0.136363636363636,0,0.136363636363636
"962",112,29,0,4,0.375,0.448275862068966,0.541666666666667,0.989942528735632,0.35361216730038,0.111111111111111,0,0.111111111111111
"963",423,106,0,9,0.28125,0.336538461538462,0.364583333333333,0.701121794871795,0.312305295950156,0.111111111111111,0.037037037037037,0.037037037037037
"964",152,40,0,7,0.363636363636364,0.435897435897436,0.454545454545455,0.89044289044289,0.333965844402277,0,0,0.0833333333333333
"965",48,13,0,1,0.230769230769231,0.230769230769231,0.307692307692308,0.538461538461539,0.323320158102767,0.333333333333333,0,0
"966",199,44,0,7,0.294117647058824,0.431818181818182,0.323529411764706,0.755347593582888,0.313953488372093,0.1,0,0
"967",162,42,0,0,0.205882352941176,0.325,0.205882352941176,0.530882352941176,0.326086956521739,0,0,0
"968",390,106,0,17,0.3125,0.349056603773585,0.59375,0.942806603773585,0.320437670965221,0.3,0,0.2
"969",98,26,0,4,0.285714285714286,0.423076923076923,0.285714285714286,0.708791208791209,0.323529411764706,0,0,0
"970",137,38,0,9,0.393939393939394,0.473684210526316,0.818181818181818,1.29186602870813,0.313131313131313,0.384615384615385,0,0.230769230769231
"971",289,71,0,13,0.206896551724138,0.314285714285714,0.293103448275862,0.607389162561576,0.305204648812532,0.416666666666667,0,0
"972",161,41,0,9,0.371428571428571,0.463414634146341,0.542857142857143,1.00627177700348,0.308529945553539,0.230769230769231,0,0.0769230769230769
"973",112,26,0,4,0.304347826086957,0.384615384615385,0.478260869565217,0.862876254180602,0.304704595185996,0.142857142857143,0,0.142857142857143
"974",12,4,0,2,0.666666666666667,0.5,2,2.5,0.267123287671233,0,1,0
"975",75,17,0,1,0.0769230769230769,0.25,0.153846153846154,0.403846153846154,0.280748663101604,1,0,0
"976",534,138,0,12,0.224806201550388,0.264705882352941,0.341085271317829,0.605791153670771,0.323436512950095,0.103448275862069,0,0.137931034482759
"977",285,63,0,16,0.403846153846154,0.492063492063492,0.557692307692308,1.0497557997558,0.393548387096774,0.0952380952380952,0,0.0952380952380952
"978",221,55,1,5,0.326923076923077,0.363636363636364,0.423076923076923,0.786713286713287,0.324175824175824,0.176470588235294,0.0588235294117647,0
"979",212,58,0,10,0.208333333333333,0.298245614035088,0.458333333333333,0.756578947368421,0.306,0.4,0.1,0.2
"980",60,16,0,7,0.571428571428571,0.5625,1.07142857142857,1.63392857142857,0.358730158730159,0.125,0,0.25
"981",364,97,0,11,0.284090909090909,0.34375,0.420454545454545,0.764204545454545,0.32725321888412,0.12,0,0.12
"982",39,10,0,1,0.375,0.5,0.5,1,0.272727272727273,0.333333333333333,0,0
"983",33,11,0,3,0.3,0.363636363636364,0.8,1.16363636363636,0.296762589928058,0.666666666666667,0,0.333333333333333
"984",142,39,0,4,0.277777777777778,0.333333333333333,0.416666666666667,0.75,0.339350180505415,0,0.1,0.1
"985",104,26,0,4,0.347826086956522,0.423076923076923,0.434782608695652,0.857859531772575,0.309477756286267,0.25,0,0
"986",304,83,0,14,0.26027397260274,0.333333333333333,0.301369863013699,0.634703196347032,0.316349809885932,0,0,0.0526315789473684
"987",119,28,0,2,0.259259259259259,0.285714285714286,0.407407407407407,0.693121693121693,0.361702127659574,0.142857142857143,0,0.142857142857143
"988",177,46,0,8,0.365853658536585,0.434782608695652,0.634146341463415,1.06892895015907,0.3184421534937,0.333333333333333,0,0.133333333333333
"989",253,63,0,7,0.218181818181818,0.317460317460317,0.327272727272727,0.644733044733045,0.269598470363289,0.25,0,0.0833333333333333
"990",29,7,0,4,0.571428571428571,0.571428571428571,1,1.57142857142857,0.268382352941176,0,0,0.25
"991",441,111,0,21,0.275510204081633,0.354545454545455,0.5,0.854545454545454,0.352678571428571,0.148148148148148,0,0.222222222222222
"992",94,24,1,6,0.375,0.583333333333333,0.6875,1.27083333333333,0.354098360655738,0.333333333333333,0,0.166666666666667
"993",15,3,0,0,0,0,0,0,0.35191637630662,0,0,0
"994",97,29,0,2,0.333333333333333,0.448275862068966,0.333333333333333,0.781609195402299,0.413793103448276,0,0,0
"995",399,103,0,10,0.239583333333333,0.284313725490196,0.395833333333333,0.680147058823529,0.316209476309227,0.260869565217391,0,0.130434782608696
"996",198,43,0,7,0.171428571428571,0.325581395348837,0.371428571428571,0.697009966777409,0.311111111111111,0.166666666666667,0,0.333333333333333
"997",126,37,0,4,0.233333333333333,0.323529411764706,0.466666666666667,0.790196078431373,0.365358592692828,0.142857142857143,0,0.285714285714286
"998",576,143,0,17,0.330645161290323,0.411347517730496,0.459677419354839,0.871024937085335,0.312098991750687,0.170731707317073,0,0.0731707317073171
"999",290,62,0,11,0.259259259259259,0.354838709677419,0.555555555555556,0.910394265232975,0.309895833333333,0.0714285714285714,0,0.357142857142857
"1000",200,49,0,6,0.238095238095238,0.3125,0.404761904761905,0.717261904761905,0.335380835380835,0.1,0,0.2
"1001",437,117,0,25,0.352380952380952,0.418803418803419,0.476190476190476,0.894993894993895,0.321928460342146,0.189189189189189,0,0.0540540540540541
"1002",101,35,0,7,0.4,0.457142857142857,0.5,0.957142857142857,0.375510204081633,0.25,0,0
"1003",180,48,0,6,0.363636363636364,0.404255319148936,0.590909090909091,0.995164410058027,0.313274336283186,0.125,0.0625,0.125
"1004",221,55,0,3,0.272727272727273,0.39622641509434,0.272727272727273,0.668953687821612,0.303754266211604,0,0,0
"1005",483,127,0,18,0.27027027027027,0.32,0.540540540540541,0.860540540540541,0.307142857142857,0.3,0,0.233333333333333
"1006",321,86,0,11,0.3,0.341176470588235,0.475,0.816176470588235,0.310734463276836,0.333333333333333,0,0.0833333333333333
"1007",18,4,0,0,0,0.25,0,0.25,0,0,0,0
"1008",117,31,0,9,0.392857142857143,0.419354838709677,0.571428571428571,0.990783410138249,0.325334821428571,0.181818181818182,0,0.0909090909090909
"1009",165,44,0,14,0.405405405405405,0.488372093023256,0.648648648648649,1.1370207416719,0.345498783454988,0.2,0,0.133333333333333
"1010",52,13,0,0,0.333333333333333,0.538461538461538,0.333333333333333,0.871794871794872,0.416666666666667,0,0,0
"1011",296,77,0,10,0.257142857142857,0.311688311688312,0.357142857142857,0.668831168831169,0.329861111111111,0.222222222222222,0,0.0555555555555556
"1012",16,3,0,0,0,0.666666666666667,0,0.666666666666667,0,0,0,0
"1013",180,51,0,2,0.173913043478261,0.24,0.260869565217391,0.500869565217391,0.285714285714286,0.125,0,0.125
"1014",192,49,0,2,0.277777777777778,0.458333333333333,0.361111111111111,0.819444444444444,0.288372093023256,0.3,0,0
"1015",183,49,0,8,0.325581395348837,0.387755102040816,0.441860465116279,0.829615567157095,0.330188679245283,0.142857142857143,0,0.0714285714285714
"1016",106,27,0,5,0.458333333333333,0.5,0.5,1,0.36222005842259,0.0909090909090909,0,0
"1017",114,31,0,7,0.379310344827586,0.419354838709677,0.586206896551724,1.0055617352614,0.339593114241002,0.0909090909090909,0.0909090909090909,0.0909090909090909
"1018",241,70,0,15,0.396825396825397,0.449275362318841,0.603174603174603,1.05244996549344,0.383720930232558,0.2,0.04,0.08
"1019",92,30,0,3,0.285714285714286,0.333333333333333,0.285714285714286,0.619047619047619,0.361266294227188,0,0,0
"1020",164,41,0,5,0.184210526315789,0.24390243902439,0.236842105263158,0.480744544287548,0.32398316970547,0,0.142857142857143,0
"1021",18,5,0,2,0.25,0.4,1,1.4,0.30952380952381,0,0,1
"1022",139,36,0,9,0.441176470588235,0.457142857142857,0.735294117647059,1.19243697478992,0.414285714285714,0.0666666666666667,0,0.2
"1023",106,24,0,2,0.380952380952381,0.458333333333333,0.666666666666667,1.125,0.319294809010774,0.375,0,0.125
"1024",71,16,0,0,0.214285714285714,0.3125,0.214285714285714,0.526785714285714,0.37984496124031,0,0,0
"1025",90,25,0,3,0.181818181818182,0.28,0.227272727272727,0.507272727272727,0.362637362637363,0.25,0,0
"1026",74,23,0,3,0.409090909090909,0.391304347826087,0.5,0.891304347826087,0.347619047619048,0.222222222222222,0,0
"1027",114,24,0,2,0.210526315789474,0.375,0.421052631578947,0.796052631578947,0.358003442340792,0.25,0,0.25
"1028",34,9,0,0,0,0,0,0,0.30635838150289,0,0,0
"1029",119,34,0,5,0.32258064516129,0.382352941176471,0.645161290322581,1.02751423149905,0.344800625488663,0.1,0,0.3
"1030",47,9,0,1,0.428571428571429,0.444444444444444,0.428571428571429,0.873015873015873,0.331444759206799,0,0,0
"1031",39,10,0,2,0.222222222222222,0.3,0.666666666666667,0.966666666666667,0.363321799307958,0.5,0,0.5
"1032",28,8,0,0,0.25,0.25,0.375,0.625,0.363534675615213,0.5,0,0
"1033",42,11,0,0,0.111111111111111,0.272727272727273,0.111111111111111,0.383838383838384,0.349593495934959,0,0,0
"1034",69,13,0,1,0.272727272727273,0.384615384615385,0.272727272727273,0.657342657342657,0.27831715210356,0,0,0
"1035",68,19,0,0,0.133333333333333,0.315789473684211,0.133333333333333,0.449122807017544,0.272727272727273,0,0,0
"1036",16,4,0,1,0.5,0.666666666666667,1,1.66666666666667,0.307692307692308,1,0,0
"1037",66,21,0,2,0.263157894736842,0.3,0.315789473684211,0.61578947368421,0.356846473029046,0.2,0,0
"1038",100,32,0,1,0.137931034482759,0.161290322580645,0.137931034482759,0.299221357063404,0.322191780821918,0,0,0
"1039",18,4,0,0,0.333333333333333,0.5,0.333333333333333,0.833333333333333,0.365384615384615,0,0,0
"1040",70,16,0,5,0.285714285714286,0.375,0.571428571428571,0.946428571428571,0.347058823529412,0.25,0,0.25
"1041",33,11,0,2,0.444444444444444,0.545454545454545,0.444444444444444,0.98989898989899,0.352941176470588,0,0,0
"1042",40,10,0,0,0.2,0.2,0.2,0.4,0.355263157894737,0,0,0
"1043",74,26,0,5,0.363636363636364,0.384615384615385,0.454545454545455,0.839160839160839,0.31390134529148,0.25,0,0
"1044",42,10,0,0,0.2,0.2,0.2,0.4,0.340956340956341,0,0,0
"1045",4,2,0,0,0.5,0.5,0.5,1,0.394594594594595,0,0,0
"1046",123,31,0,7,0.333333333333333,0.387096774193548,0.407407407407407,0.794504181600956,0.334545454545455,0.222222222222222,0,0
"1047",16,5,0,0,0.4,0.4,0.4,0.8,0.359464627151052,0,0,0
"1048",58,16,0,1,0.133333333333333,0.1875,0.2,0.3875,0.33652312599681,0.5,0,0
"1049",129,32,0,4,0.310344827586207,0.375,0.482758620689655,0.857758620689655,0.339066339066339,0.333333333333333,0.111111111111111,0
"1050",107,31,0,3,0.173913043478261,0.344827586206897,0.173913043478261,0.518740629685157,0.306451612903226,0,0,0
"1051",36,9,0,0,0.111111111111111,0.111111111111111,0.111111111111111,0.222222222222222,0.343598055105348,0,0,0
"1052",39,12,0,0,0.333333333333333,0.333333333333333,0.416666666666667,0.75,0.383886255924171,0.25,0,0
"1053",63,16,0,2,0.428571428571429,0.466666666666667,0.857142857142857,1.32380952380952,0.332452081956378,0.5,0,0.166666666666667
"1054",108,24,0,5,0.368421052631579,0.478260869565217,0.578947368421053,1.05720823798627,0.393063583815029,0.142857142857143,0,0.142857142857143
"1055",42,10,0,1,0.714285714285714,0.777777777777778,0.714285714285714,1.49206349206349,0.334146341463415,0,0,0
"1056",29,6,0,1,0.4,0.5,0.4,0.9,0.337765957446808,0,0,0
"1057",28,7,0,1,0.714285714285714,0.714285714285714,1,1.71428571428571,0.397683397683398,0.4,0,0
"1058",59,14,0,0,0.153846153846154,0.214285714285714,0.153846153846154,0.368131868131868,0.281115879828326,0,0,0
"1059",66,18,0,5,0.466666666666667,0.555555555555556,0.866666666666667,1.42222222222222,0.331908831908832,0.428571428571429,0,0.142857142857143
"1060",47,13,0,3,0.4,0.461538461538462,0.7,1.16153846153846,0.325657894736842,0,0,0.25
"1061",49,12,0,0,0,0.333333333333333,0,0.333333333333333,0.364444444444444,0,0,0
"1062",58,14,0,2,0.166666666666667,0.285714285714286,0.166666666666667,0.452380952380952,0.333333333333333,0,0,0
"1063",82,20,0,1,0.315789473684211,0.35,0.368421052631579,0.718421052631579,0.330211927057664,0.166666666666667,0,0
"1064",85,21,0,4,0.352941176470588,0.476190476190476,0.470588235294118,0.946778711484594,0.3125,0.333333333333333,0,0
"1065",121,22,0,3,0.285714285714286,0.318181818181818,0.380952380952381,0.699134199134199,0.270315091210614,0.333333333333333,0,0
"1066",30,7,0,3,0.571428571428571,0.571428571428571,1,1.57142857142857,0.272727272727273,0,0,0.25
"1067",11,3,0,0,0,0,0,0,0.350961538461538,0,0,0
"1068",37,9,0,1,0.285714285714286,0.444444444444444,0.714285714285714,1.15873015873016,0.326170376055257,0,0,0.5
"1069",13,3,0,0,0,0,0,0,0.3486529318542,0,0,0
"1070",90,22,0,1,0.294117647058824,0.428571428571429,0.294117647058824,0.722689075630252,0.296,0,0,0
"1071",66,19,0,2,0.294117647058824,0.333333333333333,0.352941176470588,0.686274509803922,0.34125636672326,0.2,0,0
"1072",88,23,0,3,0.272727272727273,0.304347826086957,0.5,0.804347826086957,0.301801801801802,0.333333333333333,0,0.166666666666667
"1073",29,5,0,0,0,0,0,0,0.338160136286201,0,0,0
"1074",44,15,0,2,0.333333333333333,0.333333333333333,0.666666666666667,1,0.316326530612245,0.25,0,0.25
"1075",7,2,0,0,0,1,0,1,0.348127600554785,0,0,0
"1076",35,8,0,0,0.166666666666667,0.375,0.166666666666667,0.541666666666667,0.354545454545455,0,0,0
"1077",82,23,0,3,0.4,0.391304347826087,0.4,0.791304347826087,0.331292517006803,0,0,0
"1078",10,2,0,2,0,1,0,1,0.326693227091633,0,0,0
"1079",49,12,0,4,0.333333333333333,0.5,0.444444444444444,0.944444444444444,0.389830508474576,0.333333333333333,0,0
"1080",120,32,0,4,0.333333333333333,0.4375,0.481481481481481,0.918981481481481,0.295361127422196,0.111111111111111,0,0.111111111111111
"1081",173,51,0,8,0.318181818181818,0.36,0.409090909090909,0.769090909090909,0.323069852941176,0.285714285714286,0,0
"1082",84,20,0,0,0.157894736842105,0.2,0.157894736842105,0.357894736842105,0.32807570977918,0,0,0
"1083",38,10,0,4,0.444444444444444,0.5,0.555555555555556,1.05555555555556,0.364928909952607,0.25,0,0
"1084",99,23,0,3,0.294117647058824,0.454545454545455,0.294117647058824,0.748663101604278,0.30561555075594,0,0,0
"1085",18,5,0,2,0.666666666666667,0.8,0.666666666666667,1.46666666666667,0.33125,0,0,0
"1086",77,22,0,3,0.333333333333333,0.454545454545455,0.444444444444444,0.898989898989899,0.30939226519337,0.333333333333333,0,0
"1087",98,26,0,2,0.16,0.192307692307692,0.16,0.352307692307692,0.323215289488477,0,0,0
"1088",76,19,0,3,0.294117647058824,0.315789473684211,0.411764705882353,0.727554179566563,0.323976608187135,0.4,0,0
"1089",22,7,0,2,0.571428571428571,0.571428571428571,0.571428571428571,1.14285714285714,0.322538860103627,0,0,0
"1090",93,26,0,2,0.192307692307692,0.192307692307692,0.307692307692308,0.5,0.290829694323144,0,0,0.2
"1091",119,31,0,1,0.137931034482759,0.193548387096774,0.206896551724138,0.400444938820912,0.305587229190422,0.5,0,0
"1092",29,9,0,0,0.222222222222222,0.222222222222222,0.222222222222222,0.444444444444444,0.322429906542056,0,0,0
"1093",82,19,0,5,0.3125,0.421052631578947,0.5625,0.983552631578947,0.2997542997543,0.2,0,0.2
"1094",104,27,0,2,0.230769230769231,0.259259259259259,0.230769230769231,0.49002849002849,0.328193832599119,0,0,0
"1095",140,28,2,4,0.181818181818182,0.357142857142857,0.454545454545455,0.811688311688312,0.315441176470588,0,0,0.5
"1096",78,22,0,3,0.210526315789474,0.25,0.421052631578947,0.671052631578947,0.296718972895863,0.25,0,0.25
"1097",69,21,0,1,0.1,0.142857142857143,0.25,0.392857142857143,0.313703284258211,0,0,0.5
"1098",67,18,0,2,0.153846153846154,0.388888888888889,0.153846153846154,0.542735042735043,0.314220183486239,0,0,0
"1099",9,4,0,1,0.5,0.5,0.75,1.25,0.36094674556213,0.5,0,0
"1100",83,18,0,3,0.384615384615385,0.555555555555556,0.461538461538462,1.01709401709402,0.356363636363636,0.2,0,0
"1101",64,16,0,3,0.5,0.533333333333333,0.583333333333333,1.11666666666667,0.393617021276596,0.166666666666667,0,0
"1102",27,9,0,1,0.25,0.222222222222222,0.25,0.472222222222222,0.317269076305221,0,0,0
"1103",26,8,0,5,0.571428571428571,0.625,1.42857142857143,2.05357142857143,0.278372591006424,0.25,0.25,0.25
"1104",20,5,0,0,0.25,0.4,0.25,0.65,0.444444444444444,0,0,0
"1105",35,8,0,3,0.5,0.5,0.666666666666667,1.16666666666667,0.407407407407407,0.333333333333333,0,0
"1106",47,12,0,0,0.0909090909090909,0.166666666666667,0.181818181818182,0.348484848484849,0.282184655396619,1,0,0
"1107",11,5,0,1,0.6,0.6,0.6,1.2,0.35361216730038,0,0,0
"1108",27,6,0,0,0,0.166666666666667,0,0.166666666666667,0.333965844402277,0,0,0
"1109",45,13,1,1,0.307692307692308,0.307692307692308,0.384615384615385,0.692307692307692,0.323320158102767,0.25,0,0
"1110",27,9,0,1,0.375,0.444444444444444,0.5,0.944444444444444,0.5,0.333333333333333,0,0
"1111",41,10,0,0,0.2,0.2,0.2,0.4,0.313953488372093,0,0,0
"1112",43,11,0,1,0.4,0.363636363636364,0.4,0.763636363636364,0.320437670965221,0,0,0
"1113",21,4,0,0,0,0.5,0,0.5,0.313131313131313,0,0,0
"1114",84,21,0,4,0.3125,0.428571428571429,0.375,0.803571428571429,0.305204648812532,0.2,0,0
"1115",16,3,0,0,0,0,0,0,0.308529945553539,0,0,0
"1116",26,7,0,0,0.142857142857143,0.142857142857143,0.142857142857143,0.285714285714286,0.304704595185996,0,0,0
"1117",10,2,0,0,0,1,0,1,0.393548387096774,0,0,0
"1118",43,11,0,0,0.0909090909090909,0.0909090909090909,0.0909090909090909,0.181818181818182,0.324175824175824,0,0,0
"1119",5,1,0,0,0,0,0,0,0,0,0,0
"1120",135,37,0,3,0.242424242424242,0.305555555555556,0.363636363636364,0.669191919191919,0.32725321888412,0.125,0,0.125
"1121",21,6,0,0,0,0,0,0,0.309477756286267,0,0,0
"1122",55,13,0,3,0.454545454545455,0.538461538461538,0.818181818181818,1.35664335664336,0.316349809885932,0.2,0,0.2
"1123",34,9,0,1,0.285714285714286,0.333333333333333,0.714285714285714,1.04761904761905,0.361702127659574,0,0,0.5
"1124",41,10,0,1,0.1,0.1,0.4,0.5,0.269598470363289,0,0,1
"1125",200,49,0,10,0.333333333333333,0.387755102040816,0.6,0.987755102040816,0.352678571428571,0.2,0,0.2
"1126",17,4,0,0,0.25,0.25,0.25,0.5,0.35191637630662,0,0,0
"1127",56,14,0,5,0.384615384615385,0.428571428571429,0.461538461538462,0.89010989010989,0.413793103448276,0.2,0,0
"1128",14,6,0,2,0.4,0.5,1,1.5,0.311111111111111,0,0,0.5
"1129",6,3,0,1,1,1,1.5,2.5,0.365358592692828,0.5,0,0
"1130",103,27,0,2,0.272727272727273,0.36,0.363636363636364,0.723636363636364,0.312098991750687,0.333333333333333,0,0
"1131",93,21,0,1,0.315789473684211,0.35,0.421052631578947,0.771052631578947,0.309895833333333,0,0.166666666666667,0
"1132",91,23,0,3,0.238095238095238,0.304347826086957,0.428571428571429,0.732919254658385,0.335380835380835,0.2,0,0.2
"1133",85,19,0,1,0.235294117647059,0.315789473684211,0.470588235294118,0.786377708978328,0.321928460342146,0.25,0,0.25
"1134",29,9,0,1,0.5,0.5,0.5,1,0.313274336283186,0,0,0
"1135",57,16,0,3,0.266666666666667,0.3125,0.333333333333333,0.645833333333333,0.303754266211604,0.25,0,0
"1136",102,23,0,4,0.333333333333333,0.391304347826087,0.571428571428571,0.962732919254658,0.307142857142857,0.285714285714286,0,0.142857142857143
"1137",127,37,0,3,0.342857142857143,0.361111111111111,0.457142857142857,0.818253968253968,0.310734463276836,0.0833333333333333,0,0.0833333333333333
"1138",12,4,0,0,0.25,0.25,0.5,0.75,0.345498783454988,1,0,0
"1139",92,27,0,1,0.28,0.333333333333333,0.28,0.613333333333333,0.329861111111111,0,0,0
"1140",38,13,0,4,0.5,0.615384615384615,1.2,1.81538461538462,0.285714285714286,0.2,0,0.4
"1141",37,12,0,1,0.0909090909090909,0.166666666666667,0.363636363636364,0.53030303030303,0.288372093023256,0,0,1
"1142",45,12,0,0,0.0833333333333333,0.0833333333333333,0.0833333333333333,0.166666666666667,0.330188679245283,0,0,0
"1143",41,10,0,2,0.125,0.3,0.5,0.8,0.339593114241002,0,0,1
"1144",55,13,0,5,0.461538461538462,0.461538461538462,0.923076923076923,1.38461538461538,0.383720930232558,0,0,0.333333333333333
"1145",57,11,0,0,0.1,0.181818181818182,0.2,0.381818181818182,0.361266294227188,1,0,0
"1146",33,9,0,0,0.25,0.333333333333333,0.25,0.583333333333333,0.32398316970547,0,0,0
"1147",89,22,0,2,0.0555555555555556,0.136363636363636,0.111111111111111,0.247474747474747,0.275071633237822,1,0,0
"1148",22,6,0,0,0.4,0.5,0.4,0.9,0.358003442340792,0,0,0
"1149",1,1,0,0,0,0,0,0,0.304744525547445,0,0,0
"1150",18,3,0,0,0.333333333333333,0.333333333333333,0.333333333333333,0.666666666666667,0.344800625488663,0,0,0
"1151",4,1,0,1,0,1,0,1,0.331444759206799,0,0,0
"1152",11,3,0,0,0,0.333333333333333,0,0.333333333333333,0.363321799307958,0,0,0
"1153",13,4,0,1,0.25,0.25,1,1.25,0.344569288389513,0,0,1
"1154",91,26,0,1,0.24,0.24,0.4,0.64,0.322191780821918,0.166666666666667,0,0.166666666666667
"1155",30,6,0,0,0.166666666666667,0.166666666666667,0.166666666666667,0.333333333333333,0.367387033398821,0,0,0
"1156",13,4,0,0,0.25,0.25,0.25,0.5,0.343598055105348,0,0,0
"1157",3,1,0,0,0,0,0,0,0.383886255924171,0,0,0
"1158",84,25,0,2,0.272727272727273,0.304347826086957,0.318181818181818,0.622529644268775,0.33394495412844,0.166666666666667,0,0
"1159",16,4,0,0,0.333333333333333,0.5,0.666666666666667,1.16666666666667,0.350951374207188,1,0,0
"1160",74,23,0,1,0.19047619047619,0.260869565217391,0.333333333333333,0.594202898550725,0.330211927057664,0.25,0.25,0
"1161",17,4,0,0,0,0.25,0,0.25,0.350961538461538,0,0,0
"1162",9,2,0,0,0,0,0,0,0.3486529318542,0,0,0
"1163",6,1,0,0,0,0,0,0,0.34125636672326,0,0,0
"1164",15,3,0,0,0.333333333333333,0.333333333333333,0.333333333333333,0.666666666666667,0.301801801801802,0,0,0
"1165",102,25,0,3,0.285714285714286,0.4,0.476190476190476,0.876190476190476,0.323069852941176,0.666666666666667,0,0
"1166",21,4,0,3,0.5,0.75,2,2.75,0.32807570977918,0,0,1
"1167",12,4,0,0,0.5,0.5,0.75,1.25,0.364928909952607,0.5,0,0
"1168",10,2,0,0,0.5,0.5,0.5,1,0.30939226519337,0,0,0
"1169",89,24,0,1,0.0869565217391304,0.125,0.0869565217391304,0.21195652173913,0.310650887573964,0,0,0
"1170",9,2,0,0,0,0,0,0,0.296718972895863,0,0,0
"1171",11,4,0,3,0.75,0.75,1,1.75,0.313703284258211,0.333333333333333,0,0
"1172",24,4,0,1,0.5,0.5,1.5,2,0.314220183486239,0.5,0,0.5
"1173",112,30,0,0,0.153846153846154,0.241379310344828,0.153846153846154,0.395225464190981,0.317269076305221,0,0,0
"1174",17,3,0,0,0,0,0,0,0.35361216730038,0,0,0
"1175",91,26,0,3,0.28,0.307692307692308,0.48,0.787692307692308,0.323436512950095,0.285714285714286,0,0.142857142857143
"1176",5,1,0,0,0,0,0,0,0.324175824175824,0,0,0
"1177",9,3,0,0,0,0,0,0,0.306,0,0,0
"1178",21,4,0,0,0.333333333333333,0.5,0.333333333333333,0.833333333333333,0.296762589928058,0,0,0
"1179",13,3,0,0,0.333333333333333,0.333333333333333,0.333333333333333,0.666666666666667,0.309477756286267,0,0,0
"1180",6,1,0,0,0,0,0,0,0.3184421534937,0,0,0
"1181",25,5,0,2,0.666666666666667,0.8,1.66666666666667,2.46666666666667,0.35191637630662,0,0,0.5
"1182",104,26,0,2,0.166666666666667,0.230769230769231,0.416666666666667,0.647435897435897,0.344370860927152,0.25,0.25,0.25
"1183",11,2,0,0,0,0.5,0,0.5,0.383458646616541,0,0,0
"1184",20,5,0,1,0.25,0.4,1,1.4,0.311111111111111,0,0,1
"1185",14,3,0,2,0,0.666666666666667,0,0.666666666666667,0.309895833333333,0,0,0
"1186",99,24,0,2,0.142857142857143,0.25,0.285714285714286,0.535714285714286,0.307142857142857,0,0,0.333333333333333
"1187",19,3,0,0,0,0,0,0,0.288372093023256,0,0,0
"1188",19,4,0,0,0.25,0.25,0.25,0.5,0.36222005842259,0,0,0
"1189",14,3,0,0,0,0,0,0,0.32398316970547,0,0,0
"1190",325,81,0,16,0.352112676056338,0.419753086419753,0.464788732394366,0.884541818814119,0.319294809010774,0.24,0.04,0
"1191",380,97,0,8,0.2,0.263157894736842,0.282352941176471,0.545510835913313,0.275071633237822,0.235294117647059,0,0.0588235294117647
"1192",584,150,0,16,0.291970802919708,0.335570469798658,0.328467153284672,0.664037623083329,0.30835734870317,0.05,0,0.025
"1193",339,92,1,8,0.282352941176471,0.314606741573034,0.388235294117647,0.702842035690681,0.324572930354796,0.25,0,0.0416666666666667
"1194",23,8,0,1,0.375,0.375,0.375,0.75,0.307553956834532,0,0,0
"1195",257,64,0,12,0.377358490566038,0.451612903225806,0.622641509433962,1.07425441265977,0.370179948586118,0.2,0,0.15
"1196",192,50,0,4,0.214285714285714,0.3,0.404761904761905,0.704761904761905,0.338947368421053,0,0.111111111111111,0.222222222222222
"1197",363,98,0,15,0.271604938271605,0.391752577319588,0.382716049382716,0.774468626702304,0.347619047619048,0.136363636363636,0,0.0909090909090909
"1198",231,64,0,6,0.254237288135593,0.3125,0.338983050847458,0.651483050847458,0.358003442340792,0.133333333333333,0,0.0666666666666667
"1199",373,92,0,14,0.253164556962025,0.333333333333333,0.329113924050633,0.662447257383966,0.304744525547445,0.15,0,0.05
"1200",162,42,0,2,0.135135135135135,0.219512195121951,0.216216216216216,0.435728411338167,0.30635838150289,0,0,0.2
"1201",22,5,0,0,0,0,0,0,0.284671532846715,0,0,0
"1202",263,63,0,13,0.28,0.344262295081967,0.44,0.784262295081967,0.344800625488663,0.214285714285714,0.0714285714285714,0.0714285714285714
"1203",107,26,0,3,0.25,0.307692307692308,0.291666666666667,0.599358974358974,0.402777777777778,0.166666666666667,0,0
"1204",184,45,0,9,0.228571428571429,0.363636363636364,0.542857142857143,0.906493506493506,0.331444759206799,0.25,0,0.375
"1205",160,41,0,7,0.256410256410256,0.292682926829268,0.461538461538462,0.75422138836773,0.363321799307958,0.2,0,0.2
"1206",263,65,0,19,0.473684210526316,0.5,0.649122807017544,1.14912280701754,0.363534675615213,0.185185185185185,0.037037037037037,0.037037037037037
"1207",263,62,0,12,0.333333333333333,0.426229508196721,0.470588235294118,0.896817743490839,0.349593495934959,0.0588235294117647,0,0.117647058823529
"1208",132,35,0,2,0.225806451612903,0.285714285714286,0.32258064516129,0.608294930875576,0.333333333333333,0.142857142857143,0.142857142857143,0
"1209",270,63,0,5,0.267857142857143,0.317460317460317,0.375,0.692460317460317,0.27831715210356,0,0,0.133333333333333
"1210",504,130,0,11,0.260162601626016,0.292307692307692,0.349593495934959,0.641901188242652,0.344569288389513,0.1875,0.03125,0.03125
"1211",425,120,0,4,0.232758620689655,0.258333333333333,0.336206896551724,0.594540229885058,0.322191780821918,0.148148148148148,0.037037037037037,0.0740740740740741
"1212",58,14,0,3,0.416666666666667,0.5,0.75,1.25,0.301369863013699,0.2,0,0.2
"1213",521,144,0,13,0.291044776119403,0.330985915492958,0.432835820895522,0.76382173638848,0.351602895553258,0.128205128205128,0.0256410256410256,0.102564102564103
"1214",70,18,0,5,0.625,0.611111111111111,0.75,1.36111111111111,0.343173431734317,0.2,0,0
"1215",126,31,0,14,0.448275862068966,0.483870967741935,0.862068965517241,1.34593993325918,0.365384615384615,0.307692307692308,0.0769230769230769,0.153846153846154
"1216",181,45,0,8,0.368421052631579,0.454545454545455,0.447368421052632,0.901913875598086,0.347058823529412,0.214285714285714,0,0
"1217",92,21,0,5,0.230769230769231,0.523809523809524,0.230769230769231,0.754578754578755,0.352941176470588,0,0,0
"1218",100,29,0,8,0.444444444444444,0.464285714285714,0.740740740740741,1.20502645502645,0.458333333333333,0.166666666666667,0,0.166666666666667
"1219",486,130,0,7,0.283464566929134,0.3,0.31496062992126,0.61496062992126,0.31390134529148,0.111111111111111,0,0
"1220",189,44,0,3,0.294117647058824,0.431818181818182,0.352941176470588,0.78475935828877,0.340956340956341,0.2,0,0
"1221",406,113,0,19,0.323809523809524,0.36283185840708,0.466666666666667,0.829498525073746,0.334545454545455,0.176470588235294,0,0.0882352941176471
"1222",493,130,0,15,0.258333333333333,0.315384615384615,0.375,0.690384615384615,0.367387033398821,0.161290322580645,0,0.0967741935483871
"1223",261,69,0,10,0.32258064516129,0.358208955223881,0.435483870967742,0.793692826191623,0.359464627151052,0.05,0,0.1
"1224",189,51,0,4,0.179487179487179,0.36,0.205128205128205,0.565128205128205,0.33652312599681,0.142857142857143,0,0
"1225",299,80,0,10,0.293333333333333,0.3375,0.373333333333333,0.710833333333333,0.339066339066339,0.136363636363636,0,0.0454545454545455
"1226",295,84,0,19,0.438356164383562,0.5,0.712328767123288,1.21232876712329,0.306451612903226,0.3125,0.0625,0.0625
"1227",91,26,0,0,0.0833333333333333,0.12,0.0833333333333333,0.203333333333333,0.343598055105348,0,0,0
"1228",79,23,0,7,0.318181818181818,0.347826086956522,0.545454545454545,0.893280632411067,0.383886255924171,0.285714285714286,0,0.142857142857143
"1229",442,131,0,7,0.186046511627907,0.192307692307692,0.302325581395349,0.494633273703041,0.332452081956378,0.125,0,0.166666666666667
"1230",91,24,0,6,0.3,0.416666666666667,0.65,1.06666666666667,0.311050477489768,0.166666666666667,0,0.333333333333333
"1231",488,131,0,13,0.283333333333333,0.338461538461538,0.408333333333333,0.746794871794872,0.33394495412844,0.117647058823529,0.0294117647058824,0.0882352941176471
"1232",94,26,0,1,0.227272727272727,0.307692307692308,0.272727272727273,0.58041958041958,0.351906158357771,0.2,0,0
"1233",181,47,1,4,0.272727272727273,0.319148936170213,0.318181818181818,0.637330754352031,0.337765957446808,0.166666666666667,0,0
"1234",20,7,0,1,0.428571428571429,0.428571428571429,0.714285714285714,1.14285714285714,0.397683397683398,0.666666666666667,0,0
"1235",184,45,0,6,0.219512195121951,0.288888888888889,0.341463414634146,0.630352303523035,0.350951374207188,0.222222222222222,0,0.111111111111111
"1236",186,46,0,0,0.195121951219512,0.282608695652174,0.219512195121951,0.502120890774125,0.281115879828326,0.125,0,0
"1237",332,83,0,4,0.144927536231884,0.289156626506024,0.202898550724638,0.492055177230662,0.331908831908832,0.1,0,0.1
"1238",240,70,0,9,0.287878787878788,0.314285714285714,0.439393939393939,0.753679653679654,0.325657894736842,0.0526315789473684,0,0.157894736842105
"1239",84,23,0,2,0.210526315789474,0.347826086956522,0.473684210526316,0.821510297482837,0.317073170731707,0.5,0,0.25
"1240",452,125,0,9,0.252100840336134,0.274193548387097,0.336134453781513,0.610328002168609,0.330211927057664,0.1,0.0666666666666667,0.0333333333333333
"1241",470,122,0,12,0.231481481481481,0.31404958677686,0.333333333333333,0.647382920110193,0.3125,0.2,0,0.08
"1242",312,94,0,14,0.28735632183908,0.32258064516129,0.459770114942529,0.782350760103819,0.316129032258064,0.16,0.04,0.12
"1243",105,25,0,4,0.272727272727273,0.36,0.409090909090909,0.769090909090909,0.287190082644628,0,0,0.166666666666667
"1244",57,12,0,0,0.1,0.166666666666667,0.1,0.266666666666667,0.272727272727273,0,0,0
"1245",1,0,0,0,0,0,0,0,0.350961538461538,0,0,0
"1246",518,141,0,12,0.263565891472868,0.307142857142857,0.37984496124031,0.686987818383167,0.312098991750687,0.0882352941176471,0,0.117647058823529
"1247",137,32,0,2,0.133333333333333,0.15625,0.266666666666667,0.422916666666667,0.3486529318542,0.25,0,0.25
"1248",160,42,0,6,0.28125,0.425,0.4375,0.8625,0.34125636672326,0.333333333333333,0.111111111111111,0
"1249",195,52,0,3,0.282608695652174,0.365384615384615,0.41304347826087,0.778428093645485,0.273858921161826,0.230769230769231,0,0.0769230769230769
"1250",276,71,0,9,0.206896551724138,0.328571428571429,0.413793103448276,0.742364532019704,0.301801801801802,0.25,0,0.25
"1251",419,101,0,11,0.296703296703297,0.336633663366337,0.362637362637363,0.699271026003699,0.338160136286201,0.037037037037037,0.037037037037037,0.037037037037037
"1252",449,109,1,15,0.287234042553192,0.358490566037736,0.425531914893617,0.784022480931353,0.348127600554785,0.037037037037037,0,0.148148148148148
"1253",494,126,0,7,0.234234234234234,0.30952380952381,0.279279279279279,0.588803088803089,0.331292517006803,0.115384615384615,0.0384615384615385,0
"1254",65,18,0,1,0.235294117647059,0.277777777777778,0.470588235294118,0.748366013071895,0.326693227091633,0.25,0,0.25
"1255",473,121,0,10,0.265486725663717,0.3,0.424778761061947,0.724778761061947,0.323069852941176,0.1,0,0.166666666666667
"1256",381,92,0,12,0.265060240963855,0.326086956521739,0.385542168674699,0.711629125196438,0.351351351351351,0.227272727272727,0.0454545454545455,0.0454545454545455
"1257",57,18,0,0,0.117647058823529,0.166666666666667,0.117647058823529,0.284313725490196,0.279503105590062,0,0,0
"1258",64,13,0,2,0.333333333333333,0.384615384615385,0.333333333333333,0.717948717948718,0.348837209302326,0,0,0
"1259",6,3,0,0,0,0,0,0,0.346260387811634,0,0,0
"1260",111,35,0,3,0.323529411764706,0.323529411764706,0.470588235294118,0.794117647058824,0.32807570977918,0.181818181818182,0,0.0909090909090909
"1261",216,50,0,7,0.25,0.34,0.454545454545455,0.794545454545455,0.364928909952607,0.272727272727273,0,0.181818181818182
"1262",35,10,0,2,0.444444444444444,0.5,0.888888888888889,1.38888888888889,0.30561555075594,0.25,0,0.25
"1263",146,38,1,3,0.342857142857143,0.378378378378378,0.514285714285714,0.892664092664093,0.33125,0.0833333333333333,0.0833333333333333,0.0833333333333333
"1264",194,53,0,6,0.266666666666667,0.339622641509434,0.466666666666667,0.806289308176101,0.30939226519337,0.25,0,0.166666666666667
"1265",91,20,0,4,0.1875,0.35,0.1875,0.5375,0.351906158357771,0,0,0
"1266",295,73,0,10,0.267605633802817,0.287671232876712,0.535211267605634,0.822882500482346,0.33757225433526,0.105263157894737,0.0526315789473684,0.263157894736842
"1267",118,32,0,9,0.44,0.548387096774194,0.64,1.18838709677419,0.323215289488477,0.181818181818182,0,0.0909090909090909
"1268",136,40,0,8,0.314285714285714,0.4,0.571428571428571,0.971428571428571,0.323976608187135,0.272727272727273,0,0.181818181818182
"1269",108,29,0,1,0.192307692307692,0.275862068965517,0.230769230769231,0.506631299734748,0.284069097888676,0.2,0,0
"1270",381,97,0,12,0.2375,0.357894736842105,0.3375,0.695394736842105,0.322538860103627,0.105263157894737,0,0.105263157894737
"1271",421,124,1,12,0.256637168141593,0.30327868852459,0.398230088495575,0.701508777020165,0.290829694323144,0.172413793103448,0.0344827586206897,0.103448275862069
"1272",400,92,0,10,0.205479452054795,0.362637362637363,0.26027397260274,0.622911335240102,0.305587229190422,0.0666666666666667,0,0.0666666666666667
"1273",103,22,0,2,0.222222222222222,0.318181818181818,0.277777777777778,0.595959595959596,0.322429906542056,0.25,0,0
"1274",77,22,0,0,0.157894736842105,0.227272727272727,0.157894736842105,0.385167464114832,0.290697674418605,0,0,0
"1275",169,41,0,8,0.382352941176471,0.475,0.764705882352941,1.23970588235294,0.2997542997543,0.0769230769230769,0,0.307692307692308
"1276",220,59,0,8,0.259259259259259,0.305084745762712,0.407407407407407,0.712492153170119,0.310185185185185,0.142857142857143,0,0.142857142857143
"1277",425,104,0,21,0.292134831460674,0.388349514563107,0.49438202247191,0.882731537035017,0.315441176470588,0.115384615384615,0,0.192307692307692
"1278",31,7,0,2,0.6,0.714285714285714,1.8,2.51428571428571,0.304713804713805,0,0,0.666666666666667
"1279",486,123,0,8,0.209090909090909,0.286885245901639,0.245454545454545,0.532339791356185,0.310650887573964,0.0434782608695652,0,0.0434782608695652
"1280",265,70,0,4,0.140625,0.188405797101449,0.234375,0.422780797101449,0.296718972895863,0,0,0.222222222222222
"1281",271,62,0,3,0.12962962962963,0.241935483870968,0.148148148148148,0.390083632019116,0.313703284258211,0.142857142857143,0,0
"1282",181,52,0,1,0.142857142857143,0.192307692307692,0.244897959183673,0.437205651491366,0.314220183486239,0.285714285714286,0,0.142857142857143
"1283",52,13,0,2,0.444444444444444,0.538461538461538,0.777777777777778,1.31623931623932,0.30952380952381,0,0,0.25
"1284",12,5,0,0,0,0.2,0,0.2,0.2,0,0,0
"1285",116,34,0,7,0.419354838709677,0.470588235294118,0.580645161290323,1.05123339658444,0.356363636363636,0.153846153846154,0,0.0769230769230769
"1286",13,3,0,0,0.5,0.666666666666667,0.5,1.16666666666667,0.393617021276596,0,0,0
"1287",410,103,0,9,0.236559139784946,0.294117647058824,0.387096774193548,0.681214421252372,0.317269076305221,0.318181818181818,0.0909090909090909,0.0454545454545455
"1288",488,116,0,12,0.22680412371134,0.330357142857143,0.381443298969072,0.711800441826215,0.29987293519695,0.272727272727273,0,0.136363636363636
"1289",135,31,0,6,0.296296296296296,0.354838709677419,0.592592592592593,0.947431302270012,0.282184655396619,0.375,0.125,0.125
"1290",283,79,0,13,0.352112676056338,0.40506329113924,0.436619718309859,0.8416830094491,0.377622377622378,0.04,0.04,0.04
"1291",53,11,0,4,0.5,0.636363636363636,0.5,1.13636363636364,0.343470483005367,0,0,0
"1292",207,59,0,10,0.288461538461538,0.344827586206897,0.538461538461538,0.883289124668435,0.35361216730038,0.266666666666667,0,0.2
"1293",276,77,0,9,0.279411764705882,0.355263157894737,0.426470588235294,0.781733746130031,0.319083969465649,0.157894736842105,0.105263157894737,0.0526315789473684
"1294",529,128,0,15,0.289473684210526,0.357142857142857,0.385964912280702,0.743107769423559,0.312305295950156,0.151515151515152,0,0.0606060606060606
"1295",226,63,0,4,0.26,0.383333333333333,0.32,0.703333333333333,0.333965844402277,0.230769230769231,0,0
"1296",207,55,0,7,0.276595744680851,0.37037037037037,0.319148936170213,0.689519306540583,0.323320158102767,0.153846153846154,0,0
"1297",185,47,0,7,0.297297297297297,0.422222222222222,0.405405405405405,0.827627627627628,0.332167832167832,0.0909090909090909,0,0.0909090909090909
"1298",209,49,0,9,0.292682926829268,0.375,0.463414634146341,0.838414634146341,0.313953488372093,0.166666666666667,0.0833333333333333,0.0833333333333333
"1299",538,141,0,16,0.238461538461538,0.280575539568345,0.330769230769231,0.611344770337576,0.320437670965221,0.129032258064516,0.032258064516129,0.0645161290322581
"1300",121,30,0,7,0.347826086956522,0.5,0.391304347826087,0.891304347826087,0.407079646017699,0.125,0,0
"1301",465,119,0,16,0.285714285714286,0.393162393162393,0.387755102040816,0.780917495203209,0.305204648812532,0.142857142857143,0,0.0714285714285714
"1302",61,15,0,1,0.153846153846154,0.266666666666667,0.384615384615385,0.651282051282051,0.364779874213836,0,0,0.5
"1303",181,44,0,5,0.219512195121951,0.272727272727273,0.341463414634146,0.614190687361419,0.308529945553539,0.222222222222222,0,0.111111111111111
"1304",483,121,1,17,0.317307692307692,0.391666666666667,0.442307692307692,0.833974358974359,0.304704595185996,0.121212121212121,0,0.0909090909090909
"1305",503,142,0,18,0.297709923664122,0.352112676056338,0.465648854961832,0.81776153101817,0.323436512950095,0.128205128205128,0.0256410256410256,0.128205128205128
"1306",273,66,0,14,0.321428571428571,0.415384615384615,0.446428571428571,0.861813186813187,0.324175824175824,0.0555555555555556,0,0.111111111111111
"1307",213,54,0,2,0.244897959183673,0.314814814814815,0.26530612244898,0.580120937263794,0.329004329004329,0.0833333333333333,0,0
"1308",242,59,0,9,0.32,0.423728813559322,0.52,0.943728813559322,0.331738437001595,0.0625,0,0.1875
"1309",223,64,0,7,0.25,0.296875,0.35,0.646875,0.306,0.2,0,0.0666666666666667
"1310",216,57,0,6,0.326923076923077,0.385964912280702,0.326923076923077,0.712887989203779,0.358730158730159,0,0,0
"1311",469,120,2,12,0.226415094339623,0.290598290598291,0.339622641509434,0.630220932107725,0.32725321888412,0.25,0,0.0833333333333333
"1312",163,55,0,6,0.291666666666667,0.314814814814815,0.479166666666667,0.793981481481482,0.296762589928058,0.0714285714285714,0.0714285714285714,0.142857142857143
"1313",147,36,0,5,0.214285714285714,0.361111111111111,0.25,0.611111111111111,0.339350180505415,0.166666666666667,0,0
"1314",183,44,0,3,0.275,0.340909090909091,0.4,0.740909090909091,0.309477756286267,0.181818181818182,0,0.0909090909090909
"1315",120,27,0,2,0.15,0.333333333333333,0.25,0.583333333333333,0.296127562642369,0,0.333333333333333,0
"1316",90,25,0,4,0.333333333333333,0.36,0.625,0.985,0.361702127659574,0.125,0,0.25
"1317",129,36,0,9,0.296296296296296,0.472222222222222,0.481481481481481,0.953703703703704,0.3184421534937,0.25,0,0.125
"1318",246,59,0,8,0.211538461538462,0.293103448275862,0.365384615384615,0.658488063660477,0.269598470363289,0.181818181818182,0,0.181818181818182
"1319",43,14,0,3,0.333333333333333,0.428571428571429,0.583333333333333,1.01190476190476,0.363636363636364,0.75,0,0
"1320",369,90,0,21,0.350649350649351,0.433333333333333,0.428571428571429,0.861904761904762,0.354098360655738,0.111111111111111,0,0.037037037037037
"1321",255,66,0,5,0.235294117647059,0.375,0.254901960784314,0.629901960784314,0.35191637630662,0.0833333333333333,0,0
"1322",81,19,0,6,0.3125,0.368421052631579,0.5625,0.930921052631579,0.320224719101124,0.2,0,0.2
"1323",532,137,0,14,0.260504201680672,0.345588235294118,0.394957983193277,0.740546218487395,0.344370860927152,0.129032258064516,0.0967741935483871,0.0645161290322581
"1324",34,8,0,0,0.25,0.25,0.25,0.5,0.383458646616541,0,0,0
"1325",91,23,0,7,0.421052631578947,0.521739130434783,0.842105263157895,1.36384439359268,0.351145038167939,0.375,0.125,0.125
"1326",358,101,0,16,0.276595744680851,0.313131313131313,0.5,0.813131313131313,0.326170376055257,0.192307692307692,0.0769230769230769,0.153846153846154
"1327",500,137,0,18,0.258064516129032,0.323529411764706,0.403225806451613,0.726755218216319,0.316209476309227,0.34375,0.0625,0.03125
"1328",96,24,0,4,0.222222222222222,0.416666666666667,0.222222222222222,0.638888888888889,0.311111111111111,0,0,0
"1329",340,96,0,24,0.393258426966292,0.4375,0.550561797752809,0.988061797752809,0.365358592692828,0.142857142857143,0,0.0857142857142857
"1330",200,43,0,3,0.2,0.325581395348837,0.342857142857143,0.66843853820598,0.309895833333333,0,0.142857142857143,0.142857142857143
"1331",168,40,0,7,0.361111111111111,0.41025641025641,0.583333333333333,0.993589743589744,0.335380835380835,0.153846153846154,0,0.153846153846154
"1332",18,5,0,0,0.25,0.4,0.25,0.65,0.375510204081633,0,0,0
"1333",200,54,0,7,0.282608695652174,0.307692307692308,0.478260869565217,0.785953177257525,0.313274336283186,0.230769230769231,0,0.153846153846154
"1334",46,13,0,4,0.454545454545455,0.5,0.545454545454545,1.04545454545455,0.303754266211604,0.2,0,0
"1335",37,8,0,1,0.25,0.25,0.625,0.875,0.347826086956522,0,0,0.5
"1336",385,97,0,12,0.25,0.3125,0.386363636363636,0.698863636363636,0.307142857142857,0.272727272727273,0,0.0909090909090909
"1337",345,102,0,6,0.152173913043478,0.215686274509804,0.25,0.465686274509804,0.324022346368715,0.285714285714286,0.0714285714285714,0.0714285714285714
"1338",422,128,0,11,0.256198347107438,0.283464566929134,0.330578512396694,0.614043079325828,0.310734463276836,0.193548387096774,0,0.032258064516129
"1339",190,45,0,2,0.214285714285714,0.266666666666667,0.238095238095238,0.504761904761905,0.335120643431635,0.111111111111111,0,0
"1340",457,135,0,15,0.238461538461538,0.266666666666667,0.392307692307692,0.658974358974359,0.325334821428571,0.0645161290322581,0,0.193548387096774
"1341",71,19,0,9,0.6,0.631578947368421,0.8,1.43157894736842,0.345498783454988,0,0,0.111111111111111
"1342",171,43,1,14,0.425,0.465116279069767,0.75,1.21511627906977,0.46875,0.411764705882353,0,0.117647058823529
"1343",35,12,0,3,0.454545454545455,0.5,0.454545454545455,0.954545454545455,0.285714285714286,0,0,0
"1344",63,23,0,4,0.315789473684211,0.363636363636364,0.631578947368421,0.995215311004785,0.288372093023256,0.166666666666667,0.166666666666667,0.166666666666667
"1345",324,92,0,16,0.337209302325581,0.362637362637363,0.569767441860465,0.932404804497828,0.330188679245283,0.275862068965517,0,0.137931034482759
"1346",183,46,0,6,0.3,0.391304347826087,0.4,0.791304347826087,0.36222005842259,0.166666666666667,0.0833333333333333,0
"1347",207,48,0,6,0.311111111111111,0.333333333333333,0.4,0.733333333333333,0.339593114241002,0.0714285714285714,0,0.0714285714285714
"1348",170,48,0,6,0.318181818181818,0.375,0.477272727272727,0.852272727272727,0.383720930232558,0.285714285714286,0,0.0714285714285714
"1349",178,43,0,5,0.307692307692308,0.372093023255814,0.358974358974359,0.731067382230173,0.361266294227188,0.166666666666667,0,0
"1350",155,40,0,5,0.258064516129032,0.4,0.32258064516129,0.72258064516129,0.32398316970547,0.25,0,0
"1351",424,107,0,13,0.294736842105263,0.361904761904762,0.442105263157895,0.804010025062657,0.319294809010774,0.178571428571429,0,0.107142857142857
"1352",149,39,0,4,0.290322580645161,0.394736842105263,0.451612903225806,0.84634974533107,0.319303338171263,0.222222222222222,0,0.111111111111111
"1353",134,33,0,2,0.321428571428571,0.393939393939394,0.357142857142857,0.751082251082251,0.333793103448276,0.111111111111111,0,0
"1354",144,36,0,2,0.272727272727273,0.333333333333333,0.454545454545455,0.787878787878788,0.275071633237822,0.333333333333333,0,0.111111111111111
"1355",518,130,0,11,0.21551724137931,0.294573643410853,0.28448275862069,0.579056402031542,0.30835734870317,0.2,0,0.04
"1356",466,123,0,20,0.355140186915888,0.403361344537815,0.467289719626168,0.870651064163983,0.324572930354796,0.157894736842105,0,0.0526315789473684
"1357",155,43,0,3,0.216216216216216,0.30952380952381,0.459459459459459,0.768983268983269,0.307553956834532,0.375,0,0.25
"1358",170,45,0,4,0.324324324324324,0.409090909090909,0.405405405405405,0.814496314496315,0.370179948586118,0.25,0,0
"1359",314,78,0,10,0.314285714285714,0.384615384615385,0.571428571428571,0.956043956043956,0.338947368421053,0.181818181818182,0.0454545454545455,0.181818181818182
"1360",167,46,0,9,0.342857142857143,0.466666666666667,0.342857142857143,0.80952380952381,0.347619047619048,0,0,0
"1361",65,14,0,3,0.363636363636364,0.5,0.727272727272727,1.22727272727273,0.358003442340792,0.25,0,0.25
"1362",271,71,0,11,0.206349206349206,0.285714285714286,0.444444444444444,0.73015873015873,0.304744525547445,0.307692307692308,0.0769230769230769,0.230769230769231
"1363",40,11,0,2,0.5,0.545454545454545,0.75,1.29545454545455,0.35632183908046,0.5,0,0
"1364",226,51,0,5,0.191489361702128,0.254901960784314,0.340425531914894,0.595327492699207,0.30635838150289,0.111111111111111,0,0.222222222222222
"1365",144,41,0,5,0.282051282051282,0.317073170731707,0.487179487179487,0.804252657911194,0.284671532846715,0.272727272727273,0.0909090909090909,0.0909090909090909
"1366",309,85,0,13,0.333333333333333,0.380952380952381,0.564102564102564,0.945054945054945,0.344800625488663,0.230769230769231,0,0.153846153846154
"1367",123,33,0,7,0.285714285714286,0.375,0.285714285714286,0.660714285714286,0.331444759206799,0,0,0
"1368",90,21,0,3,0.421052631578947,0.428571428571429,0.526315789473684,0.954887218045113,0.363321799307958,0.25,0,0
"1369",197,49,0,5,0.302325581395349,0.387755102040816,0.395348837209302,0.783103939250119,0.363534675615213,0.153846153846154,0.0769230769230769,0
"1370",138,37,0,5,0.323529411764706,0.351351351351351,0.441176470588235,0.792527821939587,0.349593495934959,0.181818181818182,0.0909090909090909,0
"1371",124,31,0,10,0.375,0.516129032258065,0.5,1.01612903225806,0.333333333333333,0,0,0.111111111111111
"1372",309,76,0,7,0.225806451612903,0.351351351351351,0.370967741935484,0.722319093286835,0.27831715210356,0.214285714285714,0,0.142857142857143
"1373",478,126,0,9,0.26890756302521,0.30952380952381,0.34453781512605,0.65406162464986,0.344569288389513,0.1875,0,0.03125
"1374",632,177,0,15,0.273291925465839,0.32,0.37888198757764,0.69888198757764,0.322191780821918,0.113636363636364,0,0.0909090909090909
"1375",521,134,0,13,0.308333333333333,0.353846153846154,0.475,0.828846153846154,0.351602895553258,0.216216216216216,0,0.108108108108108
"1376",49,11,0,1,0.181818181818182,0.181818181818182,0.454545454545455,0.636363636363636,0.365384615384615,0,0,0.5
"1377",126,33,0,2,0.148148148148148,0.303030303030303,0.185185185185185,0.488215488215488,0.347058823529412,0.25,0,0
"1378",414,114,0,14,0.306122448979592,0.389380530973451,0.418367346938776,0.807747877912227,0.352941176470588,0.166666666666667,0,0.0666666666666667
"1379",79,23,0,5,0.409090909090909,0.434782608695652,0.454545454545455,0.889328063241107,0.458333333333333,0.111111111111111,0,0
"1380",478,131,0,19,0.32520325203252,0.348837209302326,0.463414634146341,0.812251843448667,0.31390134529148,0.075,0.025,0.1
"1381",81,17,0,1,0.2,0.294117647058824,0.466666666666667,0.76078431372549,0.299319727891156,0.333333333333333,0,0.333333333333333
"1382",172,45,0,5,0.195121951219512,0.266666666666667,0.341463414634146,0.608130081300813,0.340956340956341,0,0,0.25
"1383",31,10,0,3,0.625,0.6,0.75,1.35,0.394594594594595,0.2,0,0
"1384",315,82,0,20,0.36231884057971,0.425,0.666666666666667,1.09166666666667,0.334545454545455,0.24,0,0.2
"1385",53,13,0,5,0.5,0.538461538461538,0.833333333333333,1.37179487179487,0.422222222222222,0.166666666666667,0,0.166666666666667
"1386",357,108,0,9,0.217821782178218,0.261682242990654,0.297029702970297,0.558711945960951,0.367387033398821,0.0909090909090909,0,0.0909090909090909
"1387",219,53,1,1,0.163265306122449,0.226415094339623,0.163265306122449,0.389680400462072,0.359464627151052,0,0,0
"1388",258,61,0,13,0.294117647058824,0.409836065573771,0.568627450980392,0.978463516554163,0.323144104803493,0.133333333333333,0,0.266666666666667
"1389",24,6,0,2,0.4,0.5,0.6,1.1,0.344827586206897,0.5,0,0
"1390",173,42,0,8,0.368421052631579,0.414634146341463,0.526315789473684,0.940949935815148,0.33652312599681,0.214285714285714,0,0.0714285714285714
"1391",375,105,0,28,0.380434782608696,0.413461538461538,0.597826086956522,1.01128762541806,0.339066339066339,0.228571428571429,0,0.114285714285714
"1392",200,57,0,8,0.283018867924528,0.298245614035088,0.509433962264151,0.807679576299239,0.306451612903226,0.4,0,0.133333333333333
"1393",83,23,0,1,0.19047619047619,0.260869565217391,0.333333333333333,0.594202898550725,0.343598055105348,0.25,0.25,0
"1394",413,110,0,7,0.23,0.287037037037037,0.32,0.607037037037037,0.332452081956378,0.217391304347826,0.0869565217391304,0
"1395",271,77,0,6,0.235294117647059,0.324675324675325,0.308823529411765,0.633498854087089,0.311050477489768,0.125,0,0.0625
"1396",31,6,0,1,0.25,0.5,0.25,0.75,0.350710900473934,0,0,0
"1397",394,109,0,19,0.360824742268041,0.411214953271028,0.597938144329897,1.00915309760092,0.33394495412844,0.0857142857142857,0.0285714285714286,0.171428571428571
"1398",166,45,0,8,0.317073170731707,0.355555555555556,0.463414634146341,0.818970189701897,0.334146341463415,0.230769230769231,0,0.0769230769230769
"1399",208,50,0,7,0.326530612244898,0.34,0.448979591836735,0.788979591836735,0.337765957446808,0.1875,0,0.0625
"1400",203,51,0,12,0.434782608695652,0.469387755102041,0.760869565217391,1.23025732031943,0.397683397683398,0.2,0.05,0.15
"1401",95,26,0,3,0.304347826086957,0.346153846153846,0.347826086956522,0.693979933110368,0.320113314447592,0.142857142857143,0,0
"1402",169,44,0,4,0.277777777777778,0.409090909090909,0.333333333333333,0.742424242424242,0.350951374207188,0,0.1,0
"1403",180,52,0,5,0.244897959183673,0.274509803921569,0.387755102040816,0.662264905962385,0.281115879828326,0.0833333333333333,0,0.166666666666667
"1404",353,99,0,3,0.232558139534884,0.309278350515464,0.302325581395349,0.611603931910813,0.331908831908832,0.15,0,0.05
"1405",153,38,0,4,0.241379310344828,0.405405405405405,0.344827586206897,0.750232991612302,0.325657894736842,0.428571428571429,0,0
"1406",500,128,0,17,0.275,0.30952380952381,0.383333333333333,0.692857142857143,0.330211927057664,0.181818181818182,0.0606060606060606,0.0303030303030303
"1407",482,122,0,15,0.238532110091743,0.305785123966942,0.394495412844037,0.700280536810979,0.3125,0.230769230769231,0.0384615384615385,0.115384615384615
"1408",271,73,0,11,0.264705882352941,0.291666666666667,0.455882352941176,0.747549019607843,0.270315091210614,0.222222222222222,0,0.166666666666667
"1409",247,66,0,13,0.303571428571429,0.4,0.589285714285714,0.989285714285714,0.316129032258064,0.235294117647059,0,0.235294117647059
"1410",75,19,0,1,0.2,0.368421052631579,0.2,0.568421052631579,0.363636363636364,0,0,0
"1411",32,8,0,0,0.285714285714286,0.375,0.285714285714286,0.660714285714286,0.287190082644628,0,0,0
"1412",6,2,0,0,0,0,0,0,0.350961538461538,0,0,0
"1413",545,132,0,10,0.204918032786885,0.265151515151515,0.409836065573771,0.674987580725286,0.312098991750687,0.28,0,0.24
"1414",115,30,0,2,0.32,0.4,0.44,0.84,0.3486529318542,0,0,0.125
"1415",187,46,0,10,0.307692307692308,0.377777777777778,0.538461538461538,0.916239316239316,0.34125636672326,0.25,0,0.166666666666667
"1416",158,44,1,7,0.184210526315789,0.27906976744186,0.447368421052632,0.726438188494492,0.273858921161826,0.142857142857143,0,0.428571428571429
"1417",170,45,0,7,0.277777777777778,0.409090909090909,0.527777777777778,0.936868686868687,0.301801801801802,0.3,0,0.2
"1418",266,64,0,3,0.229166666666667,0.421875,0.25,0.671875,0.338160136286201,0.0909090909090909,0,0
"1419",317,88,1,15,0.283783783783784,0.397727272727273,0.432432432432432,0.830159705159705,0.348127600554785,0.380952380952381,0,0.0476190476190476
"1420",493,126,0,4,0.2,0.282258064516129,0.236363636363636,0.518621700879765,0.331292517006803,0.181818181818182,0,0
"1421",208,49,0,6,0.357142857142857,0.408163265306122,0.452380952380952,0.860544217687075,0.326693227091633,0.0666666666666667,0,0.0666666666666667
"1422",458,128,0,25,0.34453781512605,0.3828125,0.588235294117647,0.971047794117647,0.323069852941176,0.195121951219512,0,0.170731707317073
"1423",341,87,0,15,0.266666666666667,0.35632183908046,0.373333333333333,0.729655172413793,0.351351351351351,0.25,0,0.05
"1424",248,70,0,10,0.265625,0.328571428571429,0.578125,0.906696428571429,0.279503105590062,0.176470588235294,0.0588235294117647,0.294117647058824
"1425",35,11,1,5,0.4,0.454545454545455,0.8,1.25454545454545,0.346260387811634,0.25,0,0.25
"1426",43,10,0,2,0.5,0.6,0.875,1.475,0.32807570977918,0.75,0,0
"1427",162,39,0,6,0.233333333333333,0.378378378378378,0.333333333333333,0.711711711711712,0.364928909952607,0,0,0.142857142857143
"1428",139,35,0,2,0.387096774193548,0.411764705882353,0.387096774193548,0.798861480075901,0.33125,0,0,0
"1429",176,53,0,8,0.260869565217391,0.346153846153846,0.391304347826087,0.737458193979933,0.30939226519337,0.333333333333333,0.0833333333333333,0
"1430",231,56,0,9,0.311111111111111,0.446428571428571,0.488888888888889,0.93531746031746,0.351906158357771,0.142857142857143,0,0.142857142857143
"1431",385,95,0,5,0.188235294117647,0.25531914893617,0.282352941176471,0.537672090112641,0.33757225433526,0.1875,0.0625,0.0625
"1432",280,79,0,10,0.283783783783784,0.320512820512821,0.310810810810811,0.631323631323631,0.323215289488477,0.0952380952380952,0,0
"1433",314,75,0,10,0.25,0.337837837837838,0.359375,0.697212837837838,0.323976608187135,0.125,0.0625,0.0625
"1434",128,34,0,0,0.137931034482759,0.235294117647059,0.172413793103448,0.407707910750507,0.284069097888676,0.25,0,0
"1435",401,100,0,18,0.337209302325581,0.412371134020619,0.523255813953488,0.935626947974107,0.322538860103627,0.137931034482759,0,0.137931034482759
"1436",481,141,0,10,0.25,0.294117647058824,0.3359375,0.630055147058824,0.290829694323144,0.0625,0,0.09375
"1437",150,37,0,10,0.333333333333333,0.567567567567568,0.571428571428571,1.13899613899614,0.305587229190422,0.285714285714286,0,0.142857142857143
"1438",131,29,0,2,0.25,0.275862068965517,0.285714285714286,0.561576354679803,0.322429906542056,0.142857142857143,0,0
"1439",108,27,0,3,0.260869565217391,0.37037037037037,0.260869565217391,0.631239935587762,0.290697674418605,0,0,0
"1440",333,84,0,18,0.294117647058824,0.414634146341463,0.352941176470588,0.767575322812052,0.310185185185185,0.1,0.05,0
"1441",385,90,0,13,0.346153846153846,0.413793103448276,0.448717948717949,0.862511052166225,0.315441176470588,0.0740740740740741,0,0.0740740740740741
"1442",117,33,0,7,0.344827586206897,0.424242424242424,0.724137931034483,1.14838035527691,0.34070796460177,0.2,0,0.3
"1443",78,18,0,0,0.166666666666667,0.166666666666667,0.222222222222222,0.388888888888889,0.310650887573964,0.333333333333333,0,0
"1444",211,60,0,6,0.203703703703704,0.283333333333333,0.314814814814815,0.598148148148148,0.296718972895863,0.272727272727273,0,0.0909090909090909
"1445",259,67,0,7,0.316666666666667,0.353846153846154,0.35,0.703846153846154,0.313703284258211,0.105263157894737,0,0
"1446",172,44,0,4,0.24390243902439,0.295454545454545,0.317073170731707,0.612527716186253,0.314220183486239,0.3,0,0
"1447",39,9,0,3,0.571428571428571,0.666666666666667,0.571428571428571,1.23809523809524,0.36094674556213,0,0,0
"1448",272,69,0,12,0.305084745762712,0.405797101449275,0.593220338983051,0.999017440432326,0.30952380952381,0.277777777777778,0,0.222222222222222
"1449",129,34,0,6,0.354838709677419,0.411764705882353,0.451612903225806,0.863377609108159,0.356363636363636,0.0909090909090909,0.0909090909090909,0
"1450",538,131,0,9,0.277310924369748,0.338461538461538,0.38655462184874,0.725016160310278,0.317269076305221,0.151515151515152,0.0303030303030303,0.0606060606060606
"1451",427,100,0,16,0.3125,0.428571428571429,0.3625,0.791071428571429,0.29987293519695,0.16,0,0
"1452",55,17,0,1,0.2,0.294117647058824,0.4,0.694117647058824,0.312649164677804,0,0,0.333333333333333
"1453",274,68,0,9,0.23728813559322,0.338235294117647,0.355932203389831,0.694167497507478,0.343470483005367,0.285714285714286,0,0.0714285714285714
"1454",92,28,0,0,0.2,0.259259259259259,0.32,0.579259259259259,0.35361216730038,0.2,0.2,0
"1455",140,40,0,1,0.166666666666667,0.25,0.194444444444444,0.444444444444444,0.319083969465649,0.166666666666667,0,0
"1456",410,105,0,6,0.184782608695652,0.271844660194175,0.282608695652174,0.554453355846349,0.312305295950156,0.0588235294117647,0.0588235294117647,0.117647058823529
"1457",171,52,0,2,0.25531914893617,0.274509803921569,0.361702127659574,0.636211931581143,0.333965844402277,0,0.0833333333333333,0.0833333333333333
"1458",212,49,0,5,0.25,0.326530612244898,0.295454545454545,0.621985157699443,0.323320158102767,0,0.0909090909090909,0
"1459",218,54,0,10,0.28,0.333333333333333,0.48,0.813333333333333,0.332167832167832,0.0714285714285714,0,0.214285714285714
"1460",124,35,0,8,0.285714285714286,0.428571428571429,0.571428571428571,1,0.313953488372093,0.125,0.25,0.125
"1461",21,4,0,0,0,0.25,0,0.25,0,0,0,0
"1462",569,161,0,11,0.306122448979592,0.348101265822785,0.387755102040816,0.735856367863601,0.320437670965221,0.0888888888888889,0.0222222222222222,0.0444444444444444
"1463",440,114,0,12,0.244897959183673,0.327433628318584,0.387755102040816,0.7151887303594,0.305204648812532,0.208333333333333,0,0.125
"1464",195,46,0,7,0.25,0.347826086956522,0.425,0.772826086956522,0.364779874213836,0.1,0,0.2
"1465",158,42,0,5,0.351351351351351,0.414634146341463,0.459459459459459,0.874093605800923,0.308529945553539,0.0769230769230769,0,0.0769230769230769
"1466",17,6,0,1,0.5,0.5,0.5,1,0.6,0,0,0
"1467",484,125,0,16,0.285714285714286,0.344262295081967,0.455357142857143,0.79961943793911,0.304704595185996,0.3125,0,0.09375
"1468",98,30,0,4,0.344827586206897,0.366666666666667,0.517241379310345,0.883908045977011,0.4,0.2,0,0.1
"1469",522,137,1,11,0.252032520325203,0.328467153284672,0.308943089430894,0.637410242715566,0.323436512950095,0.161290322580645,0.032258064516129,0
"1470",48,10,0,1,0.333333333333333,0.4,0.555555555555556,0.955555555555556,0.555555555555556,0.666666666666667,0,0
"1471",238,67,0,8,0.278688524590164,0.318181818181818,0.491803278688525,0.809985096870343,0.324175824175824,0.0588235294117647,0.176470588235294,0.117647058823529
"1472",161,44,0,11,0.314285714285714,0.428571428571429,0.542857142857143,0.971428571428571,0.306,0.181818181818182,0,0.181818181818182
"1473",202,51,1,8,0.256410256410256,0.411764705882353,0.333333333333333,0.745098039215686,0.358730158730159,0.3,0,0
"1474",449,123,0,17,0.283185840707965,0.336065573770492,0.442477876106195,0.778543449876687,0.32725321888412,0.28125,0,0.09375
"1475",109,28,0,3,0.192307692307692,0.25,0.346153846153846,0.596153846153846,0.272727272727273,0.2,0,0.2
"1476",129,37,0,3,0.166666666666667,0.285714285714286,0.333333333333333,0.619047619047619,0.296762589928058,0,0.2,0.2
"1477",51,9,0,0,0.375,0.444444444444444,0.5,0.944444444444444,0.339350180505415,0.333333333333333,0,0
"1478",150,38,0,7,0.314285714285714,0.368421052631579,0.571428571428571,0.93984962406015,0.309477756286267,0.272727272727273,0,0.181818181818182
"1479",347,87,0,4,0.25974025974026,0.344827586206897,0.350649350649351,0.695476936856247,0.316753926701571,0.25,0.05,0
"1480",267,64,1,9,0.277777777777778,0.390625,0.574074074074074,0.964699074074074,0.296127562642369,0.133333333333333,0.0666666666666667,0.266666666666667
"1481",45,11,0,4,0.3,0.363636363636364,1,1.36363636363636,0.361702127659574,0.333333333333333,0,0.666666666666667
"1482",221,57,1,17,0.382978723404255,0.473684210526316,0.595744680851064,1.06942889137738,0.3184421534937,0.0555555555555556,0,0.166666666666667
"1483",296,70,0,10,0.241935483870968,0.328571428571429,0.467741935483871,0.7963133640553,0.269598470363289,0.133333333333333,0,0.266666666666667
"1484",57,15,0,3,0.533333333333333,0.533333333333333,0.933333333333333,1.46666666666667,0.37962962962963,0,0,0.25
"1485",48,11,0,2,0.285714285714286,0.545454545454545,0.428571428571429,0.974025974025974,0.333333333333333,0.5,0,0
"1486",149,36,0,8,0.32258064516129,0.416666666666667,0.645161290322581,1.06182795698925,0.354098360655738,0.1,0,0.3
"1487",280,67,0,14,0.294117647058824,0.447761194029851,0.450980392156863,0.898741586186714,0.35191637630662,0.133333333333333,0,0.133333333333333
"1488",236,58,0,9,0.318181818181818,0.473684210526316,0.409090909090909,0.882775119617225,0.320224719101124,0.285714285714286,0,0
"1489",183,46,0,4,0.212121212121212,0.386363636363636,0.272727272727273,0.659090909090909,0.349112426035503,0.285714285714286,0,0
"1490",515,131,0,22,0.330508474576271,0.381679389312977,0.550847457627119,0.932526846940096,0.344370860927152,0.256410256410256,0.0512820512820513,0.102564102564103
"1491",89,29,0,5,0.391304347826087,0.448275862068966,0.478260869565217,0.926536731634183,0.351145038167939,0.222222222222222,0,0
"1492",292,79,0,9,0.263888888888889,0.320512820512821,0.430555555555556,0.751068376068376,0.326170376055257,0.315789473684211,0,0.105263157894737
"1493",489,120,0,7,0.252336448598131,0.313559322033898,0.383177570093458,0.696736892127356,0.316209476309227,0.296296296296296,0,0.0740740740740741
"1494",68,18,0,2,0.3125,0.388888888888889,0.5625,0.951388888888889,0.365358592692828,0.2,0,0.2
"1495",359,89,0,8,0.308641975308642,0.363636363636364,0.345679012345679,0.709315375982043,0.309895833333333,0.12,0,0
"1496",296,70,0,8,0.327868852459016,0.391304347826087,0.442622950819672,0.833927298645759,0.335380835380835,0.1,0.05,0.05
"1497",40,12,0,7,0.6,0.666666666666667,1.1,1.76666666666667,0.321928460342146,0.333333333333333,0,0.166666666666667
"1498",89,26,0,5,0.45,0.538461538461538,0.45,0.988461538461539,0.375510204081633,0,0,0
"1499",143,39,0,7,0.272727272727273,0.358974358974359,0.606060606060606,0.965034965034965,0.313274336283186,0.222222222222222,0,0.333333333333333
"1500",51,14,0,4,0.363636363636364,0.5,0.363636363636364,0.863636363636364,0.347826086956522,0,0,0
"1501",82,23,0,4,0.428571428571429,0.434782608695652,0.476190476190476,0.910973084886128,0.307142857142857,0.111111111111111,0,0
"1502",513,142,0,18,0.256,0.319148936170213,0.384,0.703148936170213,0.324022346368715,0.25,0.03125,0.0625
"1503",333,100,0,13,0.296703296703297,0.35,0.450549450549451,0.800549450549451,0.310734463276836,0.222222222222222,0.037037037037037,0.0740740740740741
"1504",477,126,0,22,0.353982300884956,0.395161290322581,0.539823008849557,0.934984299172138,0.335120643431635,0.3,0,0.075
"1505",127,40,0,4,0.222222222222222,0.3,0.305555555555556,0.605555555555556,0.336633663366337,0.125,0.125,0
"1506",473,127,1,19,0.264957264957265,0.306451612903226,0.427350427350427,0.733802040253653,0.325334821428571,0.225806451612903,0.0967741935483871,0.0645161290322581
"1507",143,38,0,7,0.46875,0.513513513513513,0.625,1.13851351351351,0.517241379310345,0.333333333333333,0,0
"1508",262,75,0,6,0.25,0.310810810810811,0.294117647058824,0.604928457869634,0.308720560152769,0.0588235294117647,0.0588235294117647,0
"1509",75,18,0,1,0.2,0.333333333333333,0.333333333333333,0.666666666666667,0.321428571428571,0,0.333333333333333,0
"1510",87,18,0,0,0.266666666666667,0.388888888888889,0.333333333333333,0.722222222222222,0.331738437001595,0.25,0,0
"1511",60,19,0,4,0.388888888888889,0.388888888888889,0.555555555555556,0.944444444444444,0.285714285714286,0,0,0.142857142857143
"1512",90,25,0,8,0.380952380952381,0.44,0.80952380952381,1.24952380952381,0.288372093023256,0.375,0,0.25
"1513",174,43,0,2,0.2,0.255813953488372,0.3,0.555813953488372,0.330188679245283,0.25,0.125,0
"1514",204,53,0,6,0.365853658536585,0.509433962264151,0.439024390243902,0.948458352508053,0.36222005842259,0.2,0,0
"1515",137,38,0,5,0.305555555555556,0.324324324324324,0.5,0.824324324324324,0.339593114241002,0.0909090909090909,0,0.181818181818182
"1516",95,28,0,7,0.416666666666667,0.481481481481481,0.541666666666667,1.02314814814815,0.383720930232558,0.3,0,0
"1517",74,21,0,3,0.2,0.238095238095238,0.4,0.638095238095238,0.361266294227188,0.25,0,0.25
"1518",175,44,0,0,0.13953488372093,0.159090909090909,0.186046511627907,0.345137420718816,0.32398316970547,0.333333333333333,0,0
"1519",332,77,0,17,0.333333333333333,0.38961038961039,0.72463768115942,1.11424807076981,0.319294809010774,0.130434782608696,0,0.347826086956522
"1520",26,6,0,0,0.2,0.333333333333333,0.2,0.533333333333333,0.469387755102041,0,0,0
"1521",16,6,0,0,0.25,0.5,0.5,1,0.314917127071823,1,0,0
"1522",120,29,0,3,0.260869565217391,0.392857142857143,0.304347826086957,0.697204968944099,0.319303338171263,0.166666666666667,0,0
"1523",281,61,0,10,0.345454545454545,0.39344262295082,0.490909090909091,0.884351713859911,0.333793103448276,0.105263157894737,0,0.105263157894737
"1524",290,80,0,9,0.253333333333333,0.2875,0.386666666666667,0.674166666666667,0.275071633237822,0.210526315789474,0,0.105263157894737
"1525",65,17,0,2,0.357142857142857,0.470588235294118,0.642857142857143,1.11344537815126,0.30835734870317,0.2,0,0.2
"1526",457,121,0,24,0.339285714285714,0.388429752066116,0.598214285714286,0.986644037780401,0.324572930354796,0.236842105263158,0.0263157894736842,0.157894736842105
"1527",204,48,0,7,0.24390243902439,0.340425531914894,0.390243902439024,0.730669434353918,0.307553956834532,0.3,0,0.1
"1528",404,108,0,23,0.311827956989247,0.398148148148148,0.516129032258065,0.914277180406213,0.338947368421053,0.137931034482759,0,0.172413793103448
"1529",73,18,0,4,0.470588235294118,0.5,0.705882352941177,1.20588235294118,0.347619047619048,0.125,0,0.125
"1530",259,65,0,7,0.322033898305085,0.359375,0.508474576271186,0.867849576271186,0.358003442340792,0.210526315789474,0.105263157894737,0.0526315789473684
"1531",275,65,0,9,0.321428571428571,0.40625,0.571428571428571,0.977678571428571,0.304744525547445,0.277777777777778,0,0.166666666666667
"1532",206,49,0,5,0.261904761904762,0.346938775510204,0.380952380952381,0.727891156462585,0.30635838150289,0.181818181818182,0,0.0909090909090909
"1533",206,58,0,4,0.203703703703704,0.258620689655172,0.333333333333333,0.591954022988506,0.284671532846715,0.0909090909090909,0,0.181818181818182
"1534",259,60,0,9,0.196078431372549,0.316666666666667,0.431372549019608,0.748039215686275,0.368794326241135,0.3,0,0.3
"1535",337,89,0,18,0.337349397590361,0.370786516853933,0.55421686746988,0.925003384323812,0.344800625488663,0.321428571428571,0,0.107142857142857
"1536",207,48,0,5,0.3,0.382978723404255,0.5,0.882978723404255,0.331444759206799,0.166666666666667,0,0.166666666666667
"1537",88,20,0,2,0.3125,0.45,0.3125,0.7625,0.312775330396476,0,0,0
"1538",217,52,0,8,0.325581395348837,0.411764705882353,0.511627906976744,0.923392612859097,0.363321799307958,0.214285714285714,0.0714285714285714,0.0714285714285714
"1539",45,10,0,2,0.4,0.4,1,1.4,0.363534675615213,0.75,0,0.25
"1540",179,46,0,7,0.256410256410256,0.311111111111111,0.461538461538462,0.772649572649573,0.349593495934959,0.5,0,0.1
"1541",210,50,1,7,0.2,0.36,0.525,0.885,0.27831715210356,0.125,0,0.5
"1542",116,33,0,0,0.161290322580645,0.212121212121212,0.161290322580645,0.373411534701857,0.344569288389513,0,0,0
"1543",450,114,0,14,0.321100917431193,0.342105263157895,0.467889908256881,0.809995171414776,0.322191780821918,0.142857142857143,0.0285714285714286,0.0857142857142857
"1544",56,12,0,1,0.444444444444444,0.5,0.444444444444444,0.944444444444444,0.5,0,0,0
"1545",503,135,0,21,0.336206896551724,0.392307692307692,0.525862068965517,0.91816976127321,0.351602895553258,0.333333333333333,0,0.0769230769230769
"1546",266,68,0,11,0.283333333333333,0.352941176470588,0.416666666666667,0.769607843137255,0.343173431734317,0.176470588235294,0.0588235294117647,0.0588235294117647
"1547",147,42,0,6,0.333333333333333,0.357142857142857,0.666666666666667,1.02380952380952,0.365384615384615,0.384615384615385,0.0769230769230769,0.153846153846154
"1548",275,61,0,6,0.25,0.35,0.365384615384615,0.715384615384615,0.347058823529412,0.0769230769230769,0.0769230769230769,0.0769230769230769
"1549",103,24,0,6,0.380952380952381,0.458333333333333,0.523809523809524,0.982142857142857,0.352941176470588,0,0,0.125
"1550",60,14,0,3,0.416666666666667,0.5,0.916666666666667,1.41666666666667,0.458333333333333,0,0,0.4
"1551",103,24,0,6,0.35,0.416666666666667,0.45,0.866666666666667,0.368421052631579,0.285714285714286,0,0
"1552",486,125,0,17,0.298245614035088,0.346774193548387,0.526315789473684,0.873089983022071,0.31390134529148,0.176470588235294,0.0294117647058824,0.176470588235294
"1553",490,122,0,12,0.193877551020408,0.322314049586777,0.26530612244898,0.587620172035756,0.299319727891156,0.0526315789473684,0,0.105263157894737
"1554",81,18,0,4,0.466666666666667,0.555555555555556,0.666666666666667,1.22222222222222,0.340956340956341,0.428571428571429,0,0
"1555",218,56,0,8,0.333333333333333,0.392857142857143,0.549019607843137,0.94187675070028,0.334545454545455,0,0.0588235294117647,0.176470588235294
"1556",420,120,1,26,0.357142857142857,0.389830508474576,0.535714285714286,0.925544794188862,0.367387033398821,0.2,0,0.1
"1557",222,59,0,9,0.26,0.344827586206897,0.5,0.844827586206897,0.359464627151052,0.230769230769231,0,0.230769230769231
"1558",299,73,0,7,0.245901639344262,0.356164383561644,0.459016393442623,0.815180777004267,0.323144104803493,0.266666666666667,0,0.2
"1559",213,54,0,7,0.325581395348837,0.423076923076923,0.465116279069767,0.888193202146691,0.290697674418605,0.214285714285714,0,0.0714285714285714
"1560",33,13,0,5,0.4,0.5,0.9,1.4,0.344827586206897,0.5,0,0.25
"1561",85,22,0,3,0.235294117647059,0.409090909090909,0.294117647058824,0.703208556149733,0.33652312599681,0.25,0,0
"1562",381,93,0,21,0.285714285714286,0.388888888888889,0.688311688311688,1.07720057720058,0.339066339066339,0.181818181818182,0,0.409090909090909
"1563",286,71,0,14,0.278688524590164,0.371428571428571,0.573770491803279,0.94519906323185,0.306451612903226,0.176470588235294,0,0.294117647058824
"1564",142,35,0,7,0.333333333333333,0.371428571428571,0.454545454545455,0.825974025974026,0.343598055105348,0.0909090909090909,0,0.0909090909090909
"1565",475,131,0,19,0.31404958677686,0.356589147286822,0.446280991735537,0.802870139022359,0.332452081956378,0.105263157894737,0,0.105263157894737
"1566",165,43,0,8,0.388888888888889,0.476190476190476,0.555555555555556,1.03174603174603,0.311050477489768,0.214285714285714,0,0.0714285714285714
"1567",269,77,0,14,0.318840579710145,0.363636363636364,0.449275362318841,0.812911725955204,0.33394495412844,0.272727272727273,0,0.0454545454545455
"1568",89,18,0,3,0.2,0.333333333333333,0.4,0.733333333333333,0.334146341463415,0,0,0.333333333333333
"1569",210,52,0,6,0.204545454545455,0.285714285714286,0.386363636363636,0.672077922077922,0.337765957446808,0.333333333333333,0.111111111111111,0.111111111111111
"1570",205,49,0,10,0.348837209302326,0.428571428571429,0.651162790697674,1.0797342192691,0.397683397683398,0.333333333333333,0.0666666666666667,0.133333333333333
"1571",156,41,0,10,0.41025641025641,0.425,0.717948717948718,1.14294871794872,0.320113314447592,0.375,0,0.125
"1572",219,54,0,15,0.387755102040816,0.433962264150943,0.571428571428571,1.00539083557951,0.350951374207188,0.210526315789474,0.0526315789473684,0.0526315789473684
"1573",234,57,1,12,0.319148936170213,0.392857142857143,0.659574468085106,1.05243161094225,0.281115879828326,0.266666666666667,0,0.266666666666667
"1574",367,95,0,13,0.329113924050633,0.425531914893617,0.455696202531646,0.881228117425263,0.331908831908832,0.269230769230769,0,0.0384615384615385
"1575",142,39,0,5,0.264705882352941,0.315789473684211,0.382352941176471,0.698142414860681,0.325657894736842,0.111111111111111,0,0.111111111111111
"1576",28,5,0,1,0.75,0.8,0.75,1.55,0.317073170731707,0,0,0
"1577",427,115,0,19,0.264150943396226,0.295652173913043,0.481132075471698,0.776784249384742,0.330211927057664,0.285714285714286,0.107142857142857,0.107142857142857
"1578",455,116,0,20,0.28,0.379310344827586,0.4,0.779310344827586,0.3125,0.214285714285714,0,0.0714285714285714
"1579",537,146,0,9,0.232394366197183,0.246575342465753,0.338028169014085,0.584603511479838,0.270315091210614,0.181818181818182,0,0.0909090909090909
"1580",72,16,0,3,0.285714285714286,0.375,0.5,0.875,0.316129032258064,0,0,0.25
"1581",25,6,0,1,0.5,0.5,0.666666666666667,1.16666666666667,0.363636363636364,0.333333333333333,0,0
"1582",208,50,0,4,0.227272727272727,0.276595744680851,0.295454545454545,0.572050290135397,0.350961538461538,0.3,0,0
"1583",521,133,0,16,0.27906976744186,0.295454545454545,0.434108527131783,0.729563072586328,0.312098991750687,0.222222222222222,0,0.111111111111111
"1584",141,35,0,5,0.366666666666667,0.457142857142857,0.533333333333333,0.990476190476191,0.3486529318542,0.272727272727273,0.0909090909090909,0
"1585",191,54,0,2,0.244897959183673,0.30188679245283,0.326530612244898,0.628417404697728,0.34125636672326,0.0833333333333333,0,0.0833333333333333
"1586",99,25,0,3,0.19047619047619,0.32,0.476190476190476,0.796190476190476,0.273858921161826,0,0,0.5
"1587",343,80,0,19,0.309859154929577,0.375,0.591549295774648,0.966549295774648,0.301801801801802,0.0909090909090909,0,0.272727272727273
"1588",252,66,0,19,0.472727272727273,0.546875,0.690909090909091,1.23778409090909,0.338160136286201,0.346153846153846,0,0.0384615384615385
"1589",172,45,0,12,0.441176470588235,0.534883720930233,0.588235294117647,1.12311901504788,0.348127600554785,0.333333333333333,0,0
"1590",428,104,0,11,0.244444444444444,0.330097087378641,0.333333333333333,0.663430420711974,0.331292517006803,0.0909090909090909,0,0.0909090909090909
"1591",419,109,0,13,0.236559139784946,0.339449541284404,0.365591397849462,0.705040939133866,0.326693227091633,0.136363636363636,0,0.136363636363636
"1592",13,4,0,0,0,0,0,0,0.24,0,0,0
"1593",350,97,0,15,0.289156626506024,0.375,0.409638554216867,0.784638554216867,0.323069852941176,0.166666666666667,0,0.0833333333333333
"1594",361,96,0,22,0.373493975903614,0.406593406593407,0.614457831325301,1.02105123791871,0.351351351351351,0.193548387096774,0.032258064516129,0.129032258064516
"1595",269,67,0,9,0.322033898305085,0.388059701492537,0.559322033898305,0.947381735390842,0.279503105590062,0.157894736842105,0.0526315789473684,0.157894736842105
"1596",175,48,0,10,0.395348837209302,0.458333333333333,0.581395348837209,1.03972868217054,0.346260387811634,0.117647058823529,0,0.117647058823529
"1597",241,65,0,10,0.293103448275862,0.34375,0.413793103448276,0.757543103448276,0.364928909952607,0.176470588235294,0.117647058823529,0
"1598",247,66,0,17,0.381818181818182,0.439393939393939,0.618181818181818,1.05757575757576,0.30561555075594,0.19047619047619,0,0.142857142857143
"1599",139,36,0,2,0.171428571428571,0.194444444444444,0.257142857142857,0.451587301587302,0.33125,0,0,0.166666666666667
"1600",231,63,0,10,0.322033898305085,0.349206349206349,0.440677966101695,0.789884315308044,0.30939226519337,0.210526315789474,0,0.0526315789473684
"1601",153,35,0,3,0.25,0.382352941176471,0.357142857142857,0.739495798319328,0.351906158357771,0.428571428571429,0,0
"1602",274,65,0,13,0.333333333333333,0.375,0.533333333333333,0.908333333333333,0.33757225433526,0.45,0,0.05
"1603",438,114,0,24,0.305263157894737,0.405405405405405,0.473684210526316,0.879089615931721,0.323215289488477,0.137931034482759,0,0.137931034482759
"1604",305,77,0,9,0.214285714285714,0.285714285714286,0.385714285714286,0.671428571428571,0.323976608187135,0.266666666666667,0.0666666666666667,0.133333333333333
"1605",253,63,0,11,0.333333333333333,0.444444444444444,0.529411764705882,0.973856209150327,0.284069097888676,0.117647058823529,0.0588235294117647,0.117647058823529
"1606",227,71,0,20,0.384615384615385,0.436619718309859,0.615384615384615,1.05200433369447,0.322538860103627,0.12,0,0.16
"1607",506,137,1,13,0.246153846153846,0.272058823529412,0.315384615384615,0.587443438914027,0.290829694323144,0.125,0.03125,0.03125
"1608",445,112,0,12,0.225490196078431,0.279279279279279,0.372549019607843,0.651828298887122,0.305587229190422,0.260869565217391,0,0.130434782608696
"1609",132,31,0,6,0.259259259259259,0.354838709677419,0.259259259259259,0.614097968936679,0.322429906542056,0,0,0
"1610",373,88,0,4,0.259259259259259,0.318181818181818,0.407407407407407,0.725589225589226,0.315441176470588,0.0476190476190476,0.0476190476190476,0.142857142857143
"1611",153,35,0,6,0.290322580645161,0.371428571428571,0.419354838709677,0.790783410138249,0.304713804713805,0.111111111111111,0,0.111111111111111
"1612",126,31,0,6,0.208333333333333,0.387096774193548,0.458333333333333,0.845430107526882,0.34070796460177,0,0,0.4
"1613",208,55,0,9,0.333333333333333,0.381818181818182,0.549019607843137,0.930837789661319,0.296718972895863,0.117647058823529,0,0.176470588235294
"1614",251,68,0,3,0.174603174603175,0.235294117647059,0.222222222222222,0.457516339869281,0.313703284258211,0.0909090909090909,0.0909090909090909,0
"1615",159,39,0,2,0.189189189189189,0.230769230769231,0.378378378378378,0.609147609147609,0.314220183486239,0.142857142857143,0,0.285714285714286
"1616",170,40,0,2,0.147058823529412,0.275,0.264705882352941,0.539705882352941,0.30952380952381,0.2,0,0.2
"1617",12,3,0,0,0,0.333333333333333,0,0.333333333333333,0.2,0,0,0
"1618",33,8,0,3,0.666666666666667,0.625,0.666666666666667,1.29166666666667,0.666666666666667,0,0,0
"1619",71,20,0,6,0.4,0.4,0.65,1.05,0.356363636363636,0.25,0,0.125
"1620",97,28,0,8,0.3,0.464285714285714,0.55,1.01428571428571,0.393617021276596,0.5,0.166666666666667,0
"1621",525,133,0,21,0.241071428571429,0.351145038167939,0.410714285714286,0.761859323882225,0.317269076305221,0.259259259259259,0,0.148148148148148
"1622",494,113,0,13,0.27,0.345132743362832,0.35,0.695132743362832,0.29987293519695,0.111111111111111,0.037037037037037,0.037037037037037
"1623",56,16,0,3,0.266666666666667,0.3125,0.4,0.7125,0.354838709677419,0.5,0,0
"1624",18,5,0,0,0.5,0.6,0.5,1.1,0.407407407407407,0,0,0
"1625",298,73,0,12,0.362068965517241,0.444444444444444,0.568965517241379,1.01340996168582,0.312649164677804,0.0476190476190476,0.0476190476190476,0.142857142857143
"1626",205,56,0,10,0.347826086956522,0.436363636363636,0.521739130434783,0.958102766798419,0.343470483005367,0.1875,0.0625,0.0625
"1627",217,53,0,9,0.355555555555556,0.411764705882353,0.555555555555556,0.967320261437909,0.35361216730038,0.1875,0,0.125
"1628",223,59,0,12,0.428571428571429,0.508771929824561,0.571428571428571,1.08020050125313,0.319083969465649,0.19047619047619,0,0.0476190476190476
"1629",537,142,0,15,0.290076335877863,0.338028169014085,0.389312977099237,0.727341146113321,0.312305295950156,0.210526315789474,0.0263157894736842,0.0263157894736842
"1630",64,20,0,6,0.555555555555556,0.6,0.833333333333333,1.43333333333333,0.333965844402277,0.2,0,0.1
"1631",218,61,0,5,0.280701754385965,0.316666666666667,0.350877192982456,0.667543859649123,0.323320158102767,0.0625,0,0.0625
"1632",16,4,0,1,1,1,1.5,2.5,0.5,0.5,0,0
"1633",349,88,0,13,0.320987654320988,0.375,0.395061728395062,0.770061728395062,0.332167832167832,0.115384615384615,0,0.0384615384615385
"1634",610,167,1,33,0.357615894039735,0.384146341463415,0.602649006622517,0.986795348085931,0.320437670965221,0.203703703703704,0.0185185185185185,0.148148148148148
"1635",8,2,0,0,0,1,0,1,0.323529411764706,0,0,0
"1636",89,22,0,4,0.35,0.363636363636364,0.6,0.963636363636364,0.32,0.285714285714286,0,0.142857142857143
"1637",476,118,0,6,0.235294117647059,0.338983050847458,0.303921568627451,0.642904619474909,0.305204648812532,0.166666666666667,0,0.0416666666666667
"1638",172,42,0,6,0.25,0.317073170731707,0.277777777777778,0.594850948509485,0.364779874213836,0.111111111111111,0,0
"1639",167,40,0,6,0.242424242424242,0.375,0.393939393939394,0.768939393939394,0.308529945553539,0.25,0,0.125
"1640",491,133,0,14,0.291666666666667,0.338461538461538,0.425,0.763461538461538,0.304704595185996,0.114285714285714,0,0.114285714285714
"1641",37,11,0,5,0.5,0.545454545454545,0.5,1.04545454545455,0.4,0,0,0
"1642",532,145,0,9,0.240875912408759,0.272727272727273,0.328467153284672,0.601194426011944,0.323436512950095,0.272727272727273,0,0.0303030303030303
"1643",254,67,1,5,0.241379310344828,0.333333333333333,0.362068965517241,0.695402298850575,0.324175824175824,0.142857142857143,0.0714285714285714,0.0714285714285714
"1644",565,145,0,21,0.310077519379845,0.372413793103448,0.441860465116279,0.814274258219727,0.329004329004329,0.225,0.025,0.05
"1645",160,47,0,7,0.30952380952381,0.369565217391304,0.428571428571429,0.798136645962733,0.306,0.153846153846154,0,0.0769230769230769
"1646",266,78,0,13,0.283783783783784,0.320512820512821,0.418918918918919,0.739431739431739,0.32725321888412,0.19047619047619,0,0.0952380952380952
"1647",184,50,0,4,0.159090909090909,0.208333333333333,0.318181818181818,0.526515151515151,0.296762589928058,0.571428571428571,0,0.142857142857143
"1648",113,28,0,5,0.409090909090909,0.5,0.545454545454545,1.04545454545455,0.339350180505415,0.333333333333333,0,0
"1649",59,16,0,0,0.142857142857143,0.25,0.142857142857143,0.392857142857143,0.309477756286267,0,0,0
"1650",228,67,0,17,0.379310344827586,0.439393939393939,0.741379310344828,1.18077324973877,0.316753926701571,0.181818181818182,0.0454545454545455,0.227272727272727
"1651",102,25,0,3,0.333333333333333,0.458333333333333,0.388888888888889,0.847222222222222,0.296127562642369,0.166666666666667,0,0
"1652",67,16,0,5,0.333333333333333,0.466666666666667,0.583333333333333,1.05,0.361702127659574,0.25,0.25,0
"1653",173,50,0,8,0.295454545454545,0.34,0.454545454545455,0.794545454545455,0.3184421534937,0.384615384615385,0.0769230769230769,0
"1654",174,45,0,6,0.142857142857143,0.318181818181818,0.228571428571429,0.546753246753247,0.269598470363289,0,0,0.2
"1655",167,43,0,6,0.257142857142857,0.357142857142857,0.342857142857143,0.7,0.268382352941176,0.333333333333333,0,0
"1656",78,18,0,3,0.307692307692308,0.444444444444444,0.615384615384615,1.05982905982906,0.325,0.25,0,0.25
"1657",353,91,0,11,0.25609756097561,0.32967032967033,0.390243902439024,0.719914232109354,0.354098360655738,0.238095238095238,0,0.0952380952380952
"1658",149,40,0,5,0.371428571428571,0.45,0.485714285714286,0.935714285714286,0.35191637630662,0.0769230769230769,0,0.0769230769230769
"1659",79,18,0,2,0.285714285714286,0.444444444444444,0.285714285714286,0.73015873015873,0.320224719101124,0,0,0
"1660",444,115,1,23,0.322916666666667,0.417391304347826,0.59375,1.01114130434783,0.349112426035503,0.354838709677419,0,0.161290322580645
"1661",394,100,0,24,0.359550561797753,0.43,0.528089887640449,0.958089887640449,0.344370860927152,0.21875,0.03125,0.0625
"1662",414,114,0,24,0.360824742268041,0.409090909090909,0.515463917525773,0.924554826616682,0.326170376055257,0.2,0.0285714285714286,0.0571428571428571
"1663",495,126,0,18,0.260869565217391,0.317460317460317,0.48695652173913,0.804416839199448,0.316209476309227,0.1,0.0333333333333333,0.233333333333333
"1664",263,69,0,5,0.25,0.308823529411765,0.3,0.608823529411765,0.365358592692828,0,0,0.0666666666666667
"1665",242,66,0,9,0.322033898305085,0.363636363636364,0.559322033898305,0.922958397534669,0.309895833333333,0.263157894736842,0,0.157894736842105
"1666",190,47,0,1,0.2,0.234042553191489,0.288888888888889,0.522931442080378,0.335380835380835,0.111111111111111,0,0.111111111111111
"1667",268,78,0,9,0.342857142857143,0.397435897435897,0.485714285714286,0.883150183150183,0.375510204081633,0.291666666666667,0,0.0416666666666667
"1668",31,8,0,5,0.625,0.625,1.125,1.75,0.313274336283186,0.2,0,0.2
"1669",191,49,0,3,0.270833333333333,0.285714285714286,0.395833333333333,0.681547619047619,0.347931873479319,0.230769230769231,0,0.0769230769230769
"1670",267,68,0,6,0.238095238095238,0.294117647058824,0.365079365079365,0.659197012138189,0.307142857142857,0.133333333333333,0,0.133333333333333
"1671",71,19,0,3,0.266666666666667,0.421052631578947,0.266666666666667,0.687719298245614,0.375,0,0,0
"1672",248,65,0,10,0.338983050847458,0.390625,0.559322033898305,0.949947033898305,0.324022346368715,0.2,0,0.15
"1673",426,115,0,20,0.32,0.394736842105263,0.57,0.964736842105263,0.310734463276836,0.21875,0,0.1875
"1674",94,23,0,1,0.2,0.304347826086957,0.2,0.504347826086956,0.335120643431635,0,0,0
"1675",288,75,0,13,0.333333333333333,0.465753424657534,0.543859649122807,1.00961307378034,0.336633663366337,0.157894736842105,0,0.157894736842105
"1676",353,95,0,19,0.325301204819277,0.4,0.493975903614458,0.893975903614458,0.325334821428571,0.185185185185185,0,0.111111111111111
"1677",27,7,0,1,0.25,0.571428571428571,0.25,0.821428571428571,0.333333333333333,0,0,0
"1678",58,12,0,1,0,0.333333333333333,0,0.333333333333333,0.294117647058824,0,0,0
"1679",491,143,0,18,0.318181818181818,0.370629370629371,0.492424242424242,0.863053613053613,0.308720560152769,0.142857142857143,0.0238095238095238,0.119047619047619
"1680",92,24,0,9,0.352941176470588,0.541666666666667,0.411764705882353,0.95343137254902,0.321428571428571,0.166666666666667,0,0
"1681",235,59,0,8,0.26,0.355932203389831,0.36,0.715932203389831,0.331738437001595,0.153846153846154,0,0.0769230769230769
"1682",163,48,0,8,0.361702127659574,0.375,0.595744680851064,0.970744680851064,0.330188679245283,0.117647058823529,0,0.176470588235294
"1683",371,100,0,10,0.32183908045977,0.393939393939394,0.425287356321839,0.819226750261233,0.36222005842259,0.214285714285714,0,0.0357142857142857
"1684",136,29,0,1,0.296296296296296,0.344827586206897,0.333333333333333,0.67816091954023,0.339593114241002,0.125,0,0
"1685",132,30,0,9,0.538461538461538,0.6,0.653846153846154,1.25384615384615,0.361266294227188,0.0714285714285714,0.0714285714285714,0
"1686",224,52,0,8,0.274509803921569,0.269230769230769,0.490196078431373,0.759426847662142,0.32398316970547,0.142857142857143,0,0.214285714285714
"1687",37,10,0,3,0.428571428571429,0.555555555555556,1.14285714285714,1.6984126984127,0.319294809010774,0.666666666666667,0,0.333333333333333
"1688",114,26,0,11,0.444444444444444,0.576923076923077,0.833333333333333,1.41025641025641,0.469387755102041,0.125,0,0.25
"1689",55,12,0,2,0.416666666666667,0.416666666666667,0.75,1.16666666666667,0.314917127071823,0.2,0,0.2
"1690",263,65,0,18,0.4,0.492307692307692,0.690909090909091,1.18321678321678,0.319303338171263,0.181818181818182,0,0.181818181818182
"1691",353,82,0,16,0.3,0.37037037037037,0.614285714285714,0.984656084656085,0.333793103448276,0.19047619047619,0,0.285714285714286
"1692",78,22,0,3,0.285714285714286,0.318181818181818,0.476190476190476,0.794372294372294,0.299180327868852,0.166666666666667,0,0.166666666666667
"1693",55,15,0,3,0.384615384615385,0.466666666666667,0.615384615384615,1.08205128205128,0.343915343915344,0.6,0,0
"1694",153,44,0,9,0.333333333333333,0.340909090909091,0.595238095238095,0.936147186147186,0.275071633237822,0.142857142857143,0,0.214285714285714
"1695",321,82,0,13,0.324324324324324,0.375,0.513513513513513,0.888513513513513,0.324572930354796,0.125,0.0416666666666667,0.125
"1696",163,44,0,11,0.435897435897436,0.452380952380952,0.692307692307692,1.14468864468864,0.307553956834532,0.0588235294117647,0,0.176470588235294
"1697",289,76,0,11,0.328571428571429,0.36,0.6,0.96,0.370179948586118,0.217391304347826,0.0434782608695652,0.173913043478261
"1698",358,95,0,12,0.283950617283951,0.329787234042553,0.444444444444444,0.774231678486998,0.338947368421053,0.304347826086957,0,0.0869565217391304
"1699",40,15,0,2,0.2,0.2,0.4,0.6,0.347619047619048,0,0,0.333333333333333
"1700",166,42,0,6,0.352941176470588,0.463414634146341,0.558823529411765,1.02223816355811,0.358003442340792,0.166666666666667,0.0833333333333333,0.0833333333333333
"1701",87,26,0,7,0.333333333333333,0.44,0.857142857142857,1.29714285714286,0.304744525547445,0.285714285714286,0,0.428571428571429
"1702",92,28,0,0,0.259259259259259,0.285714285714286,0.259259259259259,0.544973544973545,0.35632183908046,0,0,0
"1703",138,35,0,5,0.266666666666667,0.333333333333333,0.366666666666667,0.7,0.30635838150289,0.375,0,0
"1704",78,20,0,6,0.5,0.55,0.833333333333333,1.38333333333333,0.284671532846715,0.333333333333333,0,0.111111111111111
"1705",155,44,0,6,0.35,0.372093023255814,0.5,0.872093023255814,0.368794326241135,0.285714285714286,0.0714285714285714,0
"1706",141,32,0,11,0.482758620689655,0.53125,0.758620689655172,1.28987068965517,0.344800625488663,0.357142857142857,0,0.0714285714285714
"1707",24,7,0,0,0.2,0.333333333333333,0.2,0.533333333333333,0.331444759206799,0,0,0
"1708",115,29,1,2,0.269230769230769,0.321428571428571,0.307692307692308,0.629120879120879,0.312775330396476,0.142857142857143,0,0
"1709",93,23,0,1,0.142857142857143,0.217391304347826,0.142857142857143,0.360248447204969,0.363321799307958,0,0,0
"1710",64,16,0,1,0.214285714285714,0.266666666666667,0.428571428571429,0.695238095238095,0.363534675615213,0,0,0.333333333333333
"1711",102,21,0,4,0.133333333333333,0.380952380952381,0.333333333333333,0.714285714285714,0.349593495934959,0,0,0.5
"1712",296,66,0,7,0.132075471698113,0.303030303030303,0.207547169811321,0.510577472841624,0.27831715210356,0.142857142857143,0,0.142857142857143
"1713",41,9,0,4,0.571428571428571,0.666666666666667,1.14285714285714,1.80952380952381,0.75,0.25,0,0.25
"1714",340,93,0,15,0.364705882352941,0.408602150537634,0.505882352941176,0.914484503478811,0.344569288389513,0.193548387096774,0,0.0645161290322581
"1715",55,15,0,0,0.153846153846154,0.214285714285714,0.153846153846154,0.368131868131868,0.358208955223881,0,0,0
"1716",536,131,0,13,0.271186440677966,0.343511450381679,0.38135593220339,0.724867382585069,0.322191780821918,0.15625,0.03125,0.0625
"1717",23,4,0,0,0,0.5,0,0.5,0.5,0,0,0
"1718",374,94,0,12,0.285714285714286,0.354838709677419,0.428571428571429,0.783410138248848,0.351602895553258,0,0,0.166666666666667
"1719",228,61,0,7,0.235294117647059,0.360655737704918,0.313725490196078,0.674381227900996,0.343173431734317,0.333333333333333,0,0
"1720",49,15,0,7,0.5,0.533333333333333,0.785714285714286,1.31904761904762,0.365384615384615,0.142857142857143,0,0.142857142857143
"1721",67,15,0,1,0.416666666666667,0.533333333333333,0.416666666666667,0.95,0.347058823529412,0,0,0
"1722",40,10,0,4,0.5,0.6,1.25,1.85,0.352941176470588,0,0,0.5
"1723",483,132,0,11,0.25,0.307692307692308,0.308333333333333,0.616025641025641,0.31390134529148,0.233333333333333,0,0
"1724",297,76,0,12,0.229508196721311,0.36,0.426229508196721,0.786229508196721,0.299319727891156,0.214285714285714,0,0.214285714285714
"1725",140,40,0,3,0.212121212121212,0.307692307692308,0.303030303030303,0.610722610722611,0.340956340956341,0.142857142857143,0.142857142857143,0
"1726",468,135,0,19,0.349593495934959,0.383458646616541,0.48780487804878,0.871263524665322,0.367387033398821,0.209302325581395,0.0232558139534884,0.0465116279069767
"1727",197,47,0,10,0.342105263157895,0.444444444444444,0.552631578947368,0.997076023391813,0.359464627151052,0.153846153846154,0,0.153846153846154
"1728",275,64,0,9,0.169811320754717,0.3125,0.433962264150943,0.746462264150943,0.323144104803493,0.555555555555556,0,0.333333333333333
"1729",42,10,0,2,0.2,0.2,0.8,1,0.33652312599681,0,0,1
"1730",172,43,0,11,0.388888888888889,0.488372093023256,0.5,0.988372093023256,0.339066339066339,0.285714285714286,0,0
"1731",155,48,0,9,0.325581395348837,0.361702127659574,0.651162790697674,1.01286491835725,0.306451612903226,0.214285714285714,0.0714285714285714,0.214285714285714
"1732",97,25,0,4,0.3,0.4,0.4,0.8,0.343598055105348,0,0.166666666666667,0
"1733",92,30,0,4,0.357142857142857,0.366666666666667,0.5,0.866666666666667,0.383886255924171,0.4,0,0
"1734",513,126,0,15,0.267857142857143,0.336,0.482142857142857,0.818142857142857,0.332452081956378,0.0666666666666667,0.0666666666666667,0.2
"1735",55,13,0,8,0.75,0.846153846153846,0.75,1.59615384615385,0.311050477489768,0,0,0
"1736",489,131,0,22,0.299065420560748,0.415384615384615,0.485981308411215,0.90136592379583,0.33394495412844,0.1875,0.03125,0.125
"1737",95,21,0,0,0.157894736842105,0.2,0.157894736842105,0.357894736842105,0.334146341463415,0,0,0
"1738",155,37,0,4,0.303030303030303,0.333333333333333,0.363636363636364,0.696969696969697,0.337765957446808,0.2,0,0
"1739",44,13,0,1,0.230769230769231,0.230769230769231,0.384615384615385,0.615384615384615,0.397683397683398,0.666666666666667,0,0
"1740",96,21,0,4,0.333333333333333,0.333333333333333,0.761904761904762,1.0952380952381,0.320113314447592,0.142857142857143,0.142857142857143,0.285714285714286
"1741",98,25,0,5,0.217391304347826,0.28,0.347826086956522,0.627826086956522,0.350951374207188,0,0,0.2
"1742",161,39,0,4,0.205128205128205,0.205128205128205,0.487179487179487,0.692307692307692,0.281115879828326,0.25,0,0.375
"1743",338,88,0,16,0.246575342465753,0.363636363636364,0.410958904109589,0.774595267745953,0.331908831908832,0.333333333333333,0,0.111111111111111
"1744",18,7,0,2,0.571428571428571,0.571428571428571,0.714285714285714,1.28571428571429,0.325657894736842,0.25,0,0
"1745",76,20,0,4,0.294117647058824,0.368421052631579,0.529411764705882,0.897832817337461,0.317073170731707,0.2,0,0.2
"1746",410,106,0,14,0.262626262626263,0.30188679245283,0.414141414141414,0.716028206594244,0.330211927057664,0.230769230769231,0,0.115384615384615
"1747",289,77,0,13,0.266666666666667,0.421052631578947,0.383333333333333,0.804385964912281,0.3125,0.25,0,0.0625
"1748",191,49,0,6,0.25531914893617,0.26530612244898,0.340425531914894,0.605731654363873,0.270315091210614,0.333333333333333,0,0
"1749",295,73,0,5,0.203125,0.301369863013699,0.3125,0.613869863013699,0.316129032258064,0.153846153846154,0.0769230769230769,0.0769230769230769
"1750",96,23,0,1,0.260869565217391,0.260869565217391,0.304347826086957,0.565217391304348,0.287190082644628,0.166666666666667,0,0
"1751",27,6,0,1,0.4,0.333333333333333,0.4,0.733333333333333,0.327586206896552,0,0,0
"1752",207,56,0,10,0.333333333333333,0.377358490566038,0.479166666666667,0.856525157232704,0.350961538461538,0.25,0,0.0625
"1753",303,73,0,6,0.217391304347826,0.25,0.27536231884058,0.52536231884058,0.312098991750687,0.0666666666666667,0,0.0666666666666667
"1754",112,29,0,2,0.217391304347826,0.310344827586207,0.347826086956522,0.658170914542729,0.3486529318542,0.2,0.2,0
"1755",116,27,0,4,0.304347826086957,0.346153846153846,0.347826086956522,0.693979933110368,0.34125636672326,0.142857142857143,0,0
"1756",66,20,0,4,0.368421052631579,0.4,0.421052631578947,0.821052631578947,0.273858921161826,0.142857142857143,0,0
"1757",48,8,0,3,0.5,0.625,1.16666666666667,1.79166666666667,0.301801801801802,0.333333333333333,0,0.333333333333333
"1758",339,87,0,10,0.267605633802817,0.379310344827586,0.450704225352113,0.830014570179699,0.338160136286201,0.0526315789473684,0,0.210526315789474
"1759",108,25,0,0,0.181818181818182,0.25,0.181818181818182,0.431818181818182,0.348127600554785,0,0,0
"1760",538,144,0,20,0.304,0.378571428571429,0.552,0.930571428571429,0.331292517006803,0.105263157894737,0,0.236842105263158
"1761",26,7,0,1,0.666666666666667,0.833333333333333,0.666666666666667,1.5,0.326693227091633,0,0,0
"1762",18,4,0,0,0.25,0.25,0.25,0.5,0.24,0,0,0
"1763",131,38,0,4,0.25,0.368421052631579,0.375,0.743421052631579,0.295361127422196,0.125,0,0.125
"1764",533,147,0,11,0.222222222222222,0.268965517241379,0.266666666666667,0.535632183908046,0.323069852941176,0.2,0,0
"1765",210,49,0,5,0.27906976744186,0.346938775510204,0.395348837209302,0.742287612719506,0.351351351351351,0.166666666666667,0,0.0833333333333333
"1766",61,14,0,5,0.25,0.357142857142857,0.333333333333333,0.69047619047619,0.279503105590062,0.333333333333333,0,0
"1767",33,8,0,0,0.285714285714286,0.375,0.285714285714286,0.660714285714286,0.346260387811634,0,0,0
"1768",160,42,0,3,0.194444444444444,0.292682926829268,0.444444444444444,0.737127371273713,0.32807570977918,0.142857142857143,0.142857142857143,0.285714285714286
"1769",71,17,0,1,0.333333333333333,0.411764705882353,0.333333333333333,0.745098039215686,0.364928909952607,0,0,0
"1770",211,54,0,4,0.215686274509804,0.259259259259259,0.352941176470588,0.612200435729848,0.33125,0.0909090909090909,0,0.181818181818182
"1771",136,33,0,3,0.166666666666667,0.375,0.166666666666667,0.541666666666667,0.289473684210526,0,0,0
"1772",152,43,0,3,0.179487179487179,0.238095238095238,0.205128205128205,0.443223443223443,0.30939226519337,0.142857142857143,0,0
"1773",147,32,0,8,0.32,0.4375,0.72,1.1575,0.351906158357771,0.125,0,0.375
"1774",394,103,0,8,0.247311827956989,0.320388349514563,0.419354838709677,0.739743188224241,0.33757225433526,0.173913043478261,0,0.173913043478261
"1775",385,101,0,7,0.255555555555556,0.313131313131313,0.333333333333333,0.646464646464646,0.323215289488477,0.173913043478261,0,0.0434782608695652
"1776",271,67,0,7,0.224137931034483,0.287878787878788,0.396551724137931,0.684430512016719,0.323976608187135,0.307692307692308,0,0.153846153846154
"1777",184,43,0,8,0.297297297297297,0.395348837209302,0.513513513513513,0.908862350722816,0.322538860103627,0.181818181818182,0,0.181818181818182
"1778",301,83,0,7,0.293333333333333,0.345679012345679,0.44,0.785679012345679,0.290829694323144,0.227272727272727,0,0.0909090909090909
"1779",416,91,0,16,0.308641975308642,0.384615384615385,0.604938271604938,0.989553656220323,0.305587229190422,0.24,0,0.24
"1780",75,18,0,1,0.1875,0.277777777777778,0.375,0.652777777777778,0.322429906542056,0,0,0.333333333333333
"1781",33,9,0,0,0.142857142857143,0.333333333333333,0.142857142857143,0.476190476190476,0.310185185185185,0,0,0
"1782",279,66,0,15,0.350877192982456,0.439393939393939,0.543859649122807,0.983253588516746,0.315441176470588,0.25,0,0.1
"1783",43,12,0,4,0.4,0.5,0.5,1,0.34070796460177,0.25,0,0
"1784",373,91,0,11,0.27710843373494,0.318181818181818,0.409638554216867,0.727820372398686,0.310650887573964,0.217391304347826,0,0.0869565217391304
"1785",199,48,0,5,0.238095238095238,0.3125,0.428571428571429,0.741071428571429,0.296718972895863,0.2,0,0.2
"1786",196,52,0,8,0.346938775510204,0.372549019607843,0.489795918367347,0.86234493797519,0.313703284258211,0.117647058823529,0.0588235294117647,0.0588235294117647
"1787",165,45,0,5,0.292682926829268,0.355555555555556,0.560975609756098,0.916531165311653,0.314220183486239,0.166666666666667,0,0.25
"1788",149,41,0,5,0.236842105263158,0.292682926829268,0.605263157894737,0.897946084724005,0.30952380952381,0.222222222222222,0,0.444444444444444
"1789",75,22,0,3,0.35,0.409090909090909,0.85,1.25909090909091,0.356363636363636,0.142857142857143,0,0.428571428571429
"1790",446,112,0,11,0.258064516129032,0.372727272727273,0.419354838709677,0.79208211143695,0.317269076305221,0.166666666666667,0.0416666666666667,0.125
"1791",282,68,0,4,0.206349206349206,0.264705882352941,0.333333333333333,0.598039215686274,0.29987293519695,0.384615384615385,0,0.0769230769230769
"1792",35,8,0,0,0.142857142857143,0.25,0.142857142857143,0.392857142857143,0.354838709677419,0,0,0
"1793",496,119,0,14,0.228571428571429,0.305084745762712,0.380952380952381,0.686037126715093,0.282184655396619,0.166666666666667,0,0.166666666666667
"1794",58,16,0,7,0.461538461538462,0.533333333333333,1.46153846153846,1.99487179487179,0.312649164677804,0.166666666666667,0,0.666666666666667
"1795",42,10,0,0,0.222222222222222,0.3,0.222222222222222,0.522222222222222,0.377622377622378,0,0,0
"1796",48,15,0,5,0.428571428571429,0.466666666666667,0.857142857142857,1.32380952380952,0.35361216730038,0,0,0.333333333333333
"1797",123,36,0,7,0.411764705882353,0.444444444444444,0.705882352941177,1.15032679738562,0.319083969465649,0.285714285714286,0,0.142857142857143
"1798",501,124,0,14,0.220183486238532,0.28099173553719,0.311926605504587,0.592918341041777,0.312305295950156,0.166666666666667,0,0.0833333333333333
"1799",146,39,0,4,0.305555555555556,0.342105263157895,0.444444444444444,0.786549707602339,0.333965844402277,0.181818181818182,0,0.0909090909090909
"1800",181,55,0,6,0.212765957446809,0.309090909090909,0.361702127659574,0.670793036750484,0.323320158102767,0.4,0,0.1
"1801",212,52,0,2,0.145833333333333,0.211538461538462,0.208333333333333,0.419871794871795,0.332167832167832,0,0,0.142857142857143
"1802",312,89,0,8,0.298701298701299,0.367816091954023,0.376623376623377,0.7444394685774,0.320437670965221,0.260869565217391,0,0
"1803",361,93,0,20,0.272727272727273,0.391304347826087,0.571428571428571,0.962732919254658,0.305204648812532,0.0952380952380952,0,0.333333333333333
"1804",153,39,0,14,0.457142857142857,0.5,0.657142857142857,1.15714285714286,0.364779874213836,0.0625,0,0.125
"1805",134,29,0,3,0.208333333333333,0.344827586206897,0.458333333333333,0.80316091954023,0.308529945553539,0.6,0,0.2
"1806",355,90,0,20,0.337837837837838,0.438202247191011,0.594594594594595,1.03279684178561,0.304704595185996,0.28,0,0.16
"1807",63,15,0,3,0.181818181818182,0.4,0.272727272727273,0.672727272727273,0.243243243243243,0.5,0,0
"1808",54,11,0,5,0.5,0.636363636363636,1.125,1.76136363636364,0.267123287671233,0.5,0,0.25
"1809",476,124,0,18,0.288288288288288,0.341463414634146,0.432432432432432,0.773895847066579,0.323436512950095,0.15625,0.03125,0.09375
"1810",101,22,0,6,0.466666666666667,0.6,0.666666666666667,1.26666666666667,0.555555555555556,0.428571428571429,0,0
"1811",47,15,0,3,0.384615384615385,0.466666666666667,0.615384615384615,1.08205128205128,0.352941176470588,0,0,0.2
"1812",200,54,0,6,0.24390243902439,0.403846153846154,0.414634146341463,0.818480300187617,0.324175824175824,0.4,0,0.1
"1813",458,126,0,19,0.321739130434783,0.376,0.478260869565217,0.854260869565217,0.329004329004329,0.162162162162162,0,0.108108108108108
"1814",11,3,0,3,1,1,2.66666666666667,3.66666666666667,0.306,0.666666666666667,0,0.333333333333333
"1815",130,31,0,3,0.291666666666667,0.387096774193548,0.416666666666667,0.803763440860215,0.358730158730159,0.428571428571429,0,0
"1816",475,131,0,22,0.372881355932203,0.418604651162791,0.542372881355932,0.960977532518723,0.32725321888412,0.113636363636364,0,0.113636363636364
"1817",109,29,0,2,0.269230769230769,0.310344827586207,0.384615384615385,0.694960212201592,0.272727272727273,0.142857142857143,0.142857142857143,0
"1818",175,48,0,4,0.146341463414634,0.25531914893617,0.24390243902439,0.49922158796056,0.296762589928058,0.166666666666667,0,0.166666666666667
"1819",122,30,0,6,0.384615384615385,0.448275862068966,0.615384615384615,1.06366047745358,0.339350180505415,0.3,0,0.1
"1820",136,35,0,11,0.407407407407407,0.529411764705882,0.888888888888889,1.41830065359477,0.309477756286267,0.363636363636364,0,0.272727272727273
"1821",113,28,0,7,0.423076923076923,0.464285714285714,0.730769230769231,1.19505494505495,0.316753926701571,0.181818181818182,0,0.181818181818182
"1822",41,12,0,4,0.5,0.583333333333333,1.5,2.08333333333333,0.296127562642369,0.2,0,0.6
"1823",226,54,0,10,0.311111111111111,0.39622641509434,0.6,0.99622641509434,0.3184421534937,0.142857142857143,0.0714285714285714,0.214285714285714
"1824",235,55,0,2,0.15,0.339622641509434,0.225,0.564622641509434,0.269598470363289,0,0,0.166666666666667
"1825",92,21,0,1,0.222222222222222,0.285714285714286,0.222222222222222,0.507936507936508,0.325,0,0,0
"1826",259,68,0,13,0.345454545454545,0.454545454545455,0.545454545454545,1,0.354098360655738,0.105263157894737,0,0.157894736842105
"1827",51,12,0,2,0.25,0.25,0.583333333333333,0.833333333333333,0.35191637630662,0.333333333333333,0,0.333333333333333
"1828",68,18,0,6,0.5,0.555555555555556,0.8125,1.36805555555556,0.377622377622378,0.25,0,0.125
"1829",300,82,0,19,0.421052631578947,0.463414634146341,0.723684210526316,1.18709884467266,0.349112426035503,0.15625,0,0.1875
"1830",267,68,0,5,0.274193548387097,0.338235294117647,0.32258064516129,0.660815939278937,0.344370860927152,0.176470588235294,0,0
"1831",369,102,0,15,0.284210526315789,0.333333333333333,0.557894736842105,0.891228070175438,0.326170376055257,0.0740740740740741,0,0.296296296296296
"1832",406,101,0,8,0.260416666666667,0.28,0.375,0.655,0.316209476309227,0.2,0,0.08
"1833",144,40,0,4,0.323529411764706,0.4,0.352941176470588,0.752941176470588,0.365358592692828,0.0909090909090909,0,0
"1834",517,122,0,12,0.25,0.289256198347107,0.348214285714286,0.637470484061393,0.309895833333333,0.285714285714286,0,0.0357142857142857
"1835",278,64,0,8,0.272727272727273,0.375,0.345454545454545,0.720454545454545,0.335380835380835,0.133333333333333,0.0666666666666667,0
"1836",72,19,0,6,0.230769230769231,0.473684210526316,0.230769230769231,0.704453441295547,0.375510204081633,0,0,0
"1837",126,29,0,0,0.125,0.222222222222222,0.125,0.347222222222222,0.313274336283186,0,0,0
"1838",95,24,0,2,0.210526315789474,0.347826086956522,0.315789473684211,0.663615560640732,0.334545454545455,0.5,0,0
"1839",182,49,0,5,0.288888888888889,0.346938775510204,0.511111111111111,0.858049886621315,0.347931873479319,0.538461538461538,0,0.0769230769230769
"1840",420,104,0,11,0.28125,0.320388349514563,0.375,0.695388349514563,0.307142857142857,0.111111111111111,0,0.0740740740740741
"1841",70,17,0,4,0.3125,0.3125,0.5625,0.875,0.324022346368715,0.2,0,0.2
"1842",242,72,0,14,0.377049180327869,0.428571428571429,0.622950819672131,1.05152224824356,0.310734463276836,0.260869565217391,0,0.130434782608696
"1843",19,4,0,0,0,0.25,0,0.25,0.335120643431635,0,0,0
"1844",27,9,0,0,0.333333333333333,0.333333333333333,0.333333333333333,0.666666666666667,0.331797235023041,0,0,0
"1845",58,15,0,0,0.333333333333333,0.333333333333333,0.4,0.733333333333333,0.336633663366337,0.2,0,0
"1846",397,101,0,7,0.294736842105263,0.33,0.4,0.73,0.325334821428571,0.0357142857142857,0,0.107142857142857
"1847",490,130,0,13,0.282258064516129,0.310077519379845,0.467741935483871,0.777819454863716,0.308720560152769,0.171428571428571,0.0285714285714286,0.142857142857143
"1848",401,104,0,10,0.25,0.323529411764706,0.347826086956522,0.671355498721228,0.331738437001595,0.260869565217391,0,0.0434782608695652
"1849",158,48,0,4,0.355555555555556,0.395833333333333,0.488888888888889,0.884722222222222,0.330188679245283,0.1875,0,0.0625
"1850",206,51,0,14,0.456521739130435,0.509803921568627,0.58695652173913,1.09676044330776,0.36222005842259,0.142857142857143,0,0.0476190476190476
"1851",157,39,0,3,0.2,0.263157894736842,0.314285714285714,0.577443609022556,0.339593114241002,0.142857142857143,0,0.142857142857143
"1852",175,44,0,5,0.292682926829268,0.340909090909091,0.414634146341463,0.755543237250554,0.361266294227188,0.166666666666667,0,0.0833333333333333
"1853",132,32,0,5,0.24,0.387096774193548,0.48,0.867096774193548,0.32398316970547,0,0,0.333333333333333
"1854",97,22,0,0,0.210526315789474,0.318181818181818,0.263157894736842,0.58133971291866,0.405660377358491,0.25,0,0
"1855",14,4,0,0,0,0.5,0,0.5,0.469387755102041,0,0,0
"1856",103,25,0,5,0.315789473684211,0.48,0.631578947368421,1.11157894736842,0.319303338171263,0,0,0.333333333333333
"1857",295,85,0,17,0.373333333333333,0.421686746987952,0.453333333333333,0.875020080321285,0.333793103448276,0.214285714285714,0,0
"1858",75,21,0,2,0.210526315789474,0.285714285714286,0.421052631578947,0.706766917293233,0.299180327868852,0.25,0,0.25
"1859",402,106,0,11,0.25,0.285714285714286,0.34,0.625714285714286,0.275071633237822,0.12,0,0.08
"1860",378,103,0,15,0.293478260869565,0.356435643564356,0.478260869565217,0.834696513129574,0.30835734870317,0.185185185185185,0,0.148148148148148
"1861",200,57,0,6,0.192307692307692,0.245614035087719,0.326923076923077,0.572537112010796,0.324572930354796,0.1,0,0.2
"1862",17,4,0,1,0.333333333333333,0.5,0.666666666666667,1.16666666666667,0.307553956834532,1,0,0
"1863",365,92,1,17,0.305882352941176,0.358695652173913,0.505882352941176,0.86457800511509,0.370179948586118,0.346153846153846,0.0384615384615385,0.0769230769230769
"1864",320,85,0,4,0.276315789473684,0.313253012048193,0.302631578947368,0.615884590995561,0.338947368421053,0.0952380952380952,0,0
"1865",154,42,0,6,0.315789473684211,0.380952380952381,0.657894736842105,1.03884711779449,0.358003442340792,0.333333333333333,0,0.25
"1866",249,57,0,8,0.224489795918367,0.333333333333333,0.428571428571429,0.761904761904762,0.304744525547445,0.363636363636364,0,0.181818181818182
"1867",245,60,0,10,0.260869565217391,0.423728813559322,0.304347826086957,0.728076639646279,0.35632183908046,0.166666666666667,0,0
"1868",162,39,0,1,0.216216216216216,0.256410256410256,0.297297297297297,0.553707553707554,0.30635838150289,0.375,0,0
"1869",59,18,0,4,0.388888888888889,0.388888888888889,0.555555555555556,0.944444444444444,0.368794326241135,0.428571428571429,0,0
"1870",50,14,0,0,0.307692307692308,0.357142857142857,0.307692307692308,0.664835164835165,0.344800625488663,0,0,0
"1871",194,43,0,1,0.131578947368421,0.209302325581395,0.157894736842105,0.367197062423501,0.331444759206799,0.2,0,0
"1872",216,55,1,5,0.282608695652174,0.4,0.391304347826087,0.791304347826087,0.312775330396476,0.153846153846154,0,0.0769230769230769
"1873",250,59,0,5,0.288461538461538,0.339285714285714,0.461538461538462,0.800824175824176,0.363321799307958,0.2,0,0.133333333333333
"1874",319,78,0,12,0.3,0.363636363636364,0.457142857142857,0.820779220779221,0.363534675615213,0.238095238095238,0,0.0952380952380952
"1875",14,3,0,0,0,0,0,0,0.349593495934959,0,0,0
"1876",200,51,0,9,0.325581395348837,0.42,0.465116279069767,0.885116279069767,0.27831715210356,0.214285714285714,0,0.0714285714285714
"1877",82,20,0,5,0.5,0.5,0.75,1.25,0.344569288389513,0.2,0,0.1
"1878",25,7,0,2,0.5,0.571428571428571,0.5,1.07142857142857,0.358208955223881,0,0,0
"1879",392,104,0,14,0.291666666666667,0.346153846153846,0.46875,0.814903846153846,0.322191780821918,0.214285714285714,0.0357142857142857,0.107142857142857
"1880",10,3,0,0,0.5,0.666666666666667,0.5,1.16666666666667,0.5,0,0,0
"1881",517,129,0,18,0.339130434782609,0.401574803149606,0.48695652173913,0.888531324888737,0.351602895553258,0.205128205128205,0,0.0769230769230769
"1882",288,81,0,10,0.306666666666667,0.345679012345679,0.386666666666667,0.732345679012346,0.343173431734317,0.130434782608696,0,0.0434782608695652
"1883",71,21,0,11,0.571428571428571,0.571428571428571,1.0952380952381,1.66666666666667,0.428571428571429,0.166666666666667,0,0.25
"1884",39,11,1,0,0.2,0.272727272727273,0.3,0.572727272727273,0.347058823529412,0.5,0,0
"1885",113,31,0,2,0.307692307692308,0.366666666666667,0.384615384615385,0.751282051282051,0.361266294227188,0.25,0,0
"1886",515,128,0,14,0.23728813559322,0.283464566929134,0.398305084745763,0.681769651674897,0.31390134529148,0.25,0,0.142857142857143
"1887",113,29,0,14,0.521739130434783,0.586206896551724,0.739130434782609,1.32533733133433,0.299319727891156,0.166666666666667,0,0.0833333333333333
"1888",100,26,0,0,0.238095238095238,0.36,0.238095238095238,0.598095238095238,0.340956340956341,0,0,0
"1889",45,12,0,3,0.6,0.666666666666667,0.9,1.56666666666667,0.470588235294118,0,0,0.166666666666667
"1890",336,91,0,11,0.285714285714286,0.311111111111111,0.404761904761905,0.715873015873016,0.367387033398821,0.166666666666667,0,0.0833333333333333
"1891",230,57,0,11,0.319148936170213,0.410714285714286,0.531914893617021,0.942629179331307,0.359464627151052,0.133333333333333,0.0666666666666667,0.133333333333333
"1892",371,99,1,25,0.430232558139535,0.479591836734694,0.744186046511628,1.22377788324632,0.323144104803493,0.135135135135135,0.0540540540540541,0.162162162162162
"1893",71,16,0,2,0.384615384615385,0.5,0.384615384615385,0.884615384615385,0.344827586206897,0,0,0
"1894",215,53,0,2,0.204081632653061,0.245283018867925,0.224489795918367,0.469772814786292,0.33652312599681,0.1,0,0
"1895",290,73,0,14,0.378787878787879,0.424657534246575,0.515151515151515,0.93980904939809,0.339066339066339,0.24,0,0.04
"1896",206,54,0,8,0.276595744680851,0.333333333333333,0.382978723404255,0.716312056737589,0.306451612903226,0.153846153846154,0,0.0769230769230769
"1897",164,44,0,10,0.358974358974359,0.395348837209302,0.564102564102564,0.959451401311866,0.343598055105348,0.285714285714286,0.142857142857143,0
"1898",17,6,0,1,0.333333333333333,0.333333333333333,0.833333333333333,1.16666666666667,0.383886255924171,0,0,0.5
"1899",414,103,0,6,0.208333333333333,0.245098039215686,0.302083333333333,0.54718137254902,0.332452081956378,0.15,0,0.1
"1900",520,149,0,24,0.338345864661654,0.401360544217687,0.496240601503759,0.897601145721446,0.33394495412844,0.266666666666667,0,0.0666666666666667
"1901",171,45,0,9,0.305555555555556,0.431818181818182,0.472222222222222,0.904040404040404,0.349794238683128,0.272727272727273,0,0.0909090909090909
"1902",168,40,0,9,0.28125,0.4,0.53125,0.93125,0.334146341463415,0.222222222222222,0,0.222222222222222
"1903",122,34,0,4,0.34375,0.382352941176471,0.46875,0.851102941176471,0.372093023255814,0.0909090909090909,0,0.0909090909090909
"1904",193,49,0,5,0.275,0.375,0.375,0.75,0.337765957446808,0.0909090909090909,0,0.0909090909090909
"1905",18,7,0,2,0.571428571428571,0.571428571428571,0.714285714285714,1.28571428571429,0.397683397683398,0.25,0,0
"1906",102,31,0,8,0.407407407407407,0.466666666666667,0.666666666666667,1.13333333333333,0.320113314447592,0.0909090909090909,0,0.181818181818182
"1907",204,53,0,8,0.285714285714286,0.377358490566038,0.380952380952381,0.758310871518419,0.350951374207188,0.0833333333333333,0,0.0833333333333333
"1908",101,28,0,8,0.375,0.407407407407407,0.791666666666667,1.19907407407407,0.281115879828326,0.111111111111111,0,0.333333333333333
"1909",333,85,0,15,0.36,0.411764705882353,0.533333333333333,0.945098039215686,0.331908831908832,0.148148148148148,0,0.111111111111111
"1910",78,23,0,4,0.263157894736842,0.363636363636364,0.421052631578947,0.784688995215311,0.364444444444444,0,0,0.2
"1911",171,42,0,1,0.162162162162162,0.261904761904762,0.216216216216216,0.478120978120978,0.317073170731707,0.333333333333333,0,0
"1912",454,124,0,13,0.258928571428571,0.311475409836066,0.375,0.686475409836066,0.330211927057664,0.172413793103448,0.0344827586206897,0.0689655172413793
"1913",384,92,0,13,0.3375,0.41304347826087,0.425,0.83804347826087,0.3125,0.148148148148148,0,0.037037037037037
"1914",258,59,0,2,0.142857142857143,0.186440677966102,0.178571428571429,0.36501210653753,0.270315091210614,0,0.125,0
"1915",266,71,0,12,0.276923076923077,0.338028169014085,0.415384615384615,0.7534127843987,0.316129032258064,0.222222222222222,0.0555555555555556,0.0555555555555556
"1916",103,26,0,5,0.428571428571429,0.5,0.619047619047619,1.11904761904762,0.287190082644628,0.111111111111111,0,0.111111111111111
"1917",205,55,0,7,0.224489795918367,0.264150943396226,0.36734693877551,0.631497882171737,0.350961538461538,0.0909090909090909,0,0.181818181818182
"1918",492,130,0,18,0.3,0.338461538461538,0.491666666666667,0.830128205128205,0.312098991750687,0.222222222222222,0.0833333333333333,0.0833333333333333
"1919",201,55,0,5,0.24,0.269230769230769,0.42,0.689230769230769,0.3486529318542,0.25,0,0.166666666666667
"1920",79,19,0,3,0.266666666666667,0.368421052631579,0.266666666666667,0.635087719298246,0.303317535545024,0,0,0
"1921",196,52,0,13,0.391304347826087,0.442307692307692,0.543478260869565,0.985785953177257,0.34125636672326,0.222222222222222,0,0.0555555555555556
"1922",69,17,0,5,0.375,0.411764705882353,1,1.41176470588235,0.273858921161826,0.166666666666667,0,0.5
"1923",69,17,1,0,0.285714285714286,0.411764705882353,0.428571428571429,0.840336134453781,0.333333333333333,0.5,0,0
"1924",71,20,0,5,0.25,0.4,0.25,0.65,0.301801801801802,0,0,0
"1925",460,116,0,12,0.272727272727273,0.333333333333333,0.414141414141414,0.747474747474747,0.338160136286201,0.222222222222222,0.037037037037037,0.0740740740740741
"1926",310,77,0,9,0.253731343283582,0.350649350649351,0.447761194029851,0.798410544679201,0.348127600554785,0.235294117647059,0,0.176470588235294
"1927",595,159,0,17,0.28476821192053,0.316455696202532,0.456953642384106,0.773409338586638,0.331292517006803,0.186046511627907,0,0.13953488372093
"1928",34,10,0,0,0.222222222222222,0.3,0.333333333333333,0.633333333333333,0.326693227091633,0.5,0,0
"1929",473,129,0,20,0.260504201680672,0.310077519379845,0.453781512605042,0.763859031984887,0.295361127422196,0.258064516129032,0,0.161290322580645
"1930",521,140,0,11,0.274193548387097,0.345323741007194,0.370967741935484,0.716291482942678,0.323069852941176,0.205882352941176,0.0294117647058824,0.0294117647058824
"1931",142,36,0,2,0.242424242424242,0.257142857142857,0.242424242424242,0.4995670995671,0.346260387811634,0,0,0
"1932",101,27,0,6,0.375,0.423076923076923,0.666666666666667,1.08974358974359,0.32807570977918,0.222222222222222,0.111111111111111,0.111111111111111
"1933",27,7,0,5,0.666666666666667,0.714285714285714,0.833333333333333,1.54761904761905,0.364928909952607,0.25,0,0
"1934",237,58,0,4,0.240740740740741,0.293103448275862,0.37037037037037,0.663473818646232,0.33125,0.0769230769230769,0,0.153846153846154
"1935",154,40,0,8,0.305555555555556,0.375,0.527777777777778,0.902777777777778,0.289473684210526,0.454545454545455,0,0.0909090909090909
"1936",204,50,0,5,0.272727272727273,0.36,0.568181818181818,0.928181818181818,0.30939226519337,0.333333333333333,0,0.25
"1937",133,34,0,2,0.225806451612903,0.294117647058824,0.354838709677419,0.648956356736243,0.351906158357771,0.142857142857143,0,0.142857142857143
"1938",625,151,0,17,0.281481481481481,0.350993377483444,0.474074074074074,0.825067451557518,0.33757225433526,0.315789473684211,0.0263157894736842,0.105263157894737
"1939",21,5,0,0,0,0.4,0,0.4,0.284237726098191,0,0,0
"1940",500,127,0,15,0.263157894736842,0.328,0.5,0.828,0.323215289488477,0.2,0,0.233333333333333
"1941",315,75,0,6,0.308823529411765,0.351351351351351,0.470588235294118,0.821939586645469,0.323976608187135,0.238095238095238,0,0.0952380952380952
"1942",195,60,0,7,0.240740740740741,0.3,0.296296296296296,0.596296296296296,0.322538860103627,0.230769230769231,0,0
"1943",477,121,0,18,0.285714285714286,0.358974358974359,0.419047619047619,0.778021978021978,0.290829694323144,0.0666666666666667,0,0.133333333333333
"1944",580,145,0,20,0.297709923664122,0.34965034965035,0.389312977099237,0.738963326749586,0.305587229190422,0.230769230769231,0,0.0256410256410256
"1945",54,11,0,1,0.428571428571429,0.636363636363636,0.428571428571429,1.06493506493506,0.322429906542056,0,0,0
"1946",225,48,0,3,0.166666666666667,0.354166666666667,0.277777777777778,0.631944444444444,0.310185185185185,0.166666666666667,0,0.166666666666667
"1947",11,3,0,0,0.333333333333333,0.333333333333333,0.333333333333333,0.666666666666667,0.166666666666667,0,0,0
"1948",393,103,0,17,0.313953488372093,0.405940594059406,0.511627906976744,0.91756850103615,0.315441176470588,0.185185185185185,0,0.148148148148148
"1949",41,10,0,3,0.5,0.6,1.125,1.725,0.304713804713805,0.5,0,0.25
"1950",32,7,0,0,0.5,0.666666666666667,0.75,1.41666666666667,0.34070796460177,0.5,0,0
"1951",444,110,1,13,0.285714285714286,0.345794392523364,0.36734693877551,0.713141331298875,0.310650887573964,0.178571428571429,0,0.0357142857142857
"1952",239,58,0,1,0.148148148148148,0.206896551724138,0.240740740740741,0.447637292464879,0.296718972895863,0.25,0,0.125
"1953",162,49,0,13,0.386363636363636,0.448979591836735,0.545454545454545,0.99443413729128,0.313703284258211,0.0588235294117647,0,0.117647058823529
"1954",197,45,0,5,0.305555555555556,0.409090909090909,0.388888888888889,0.797979797979798,0.314220183486239,0,0,0.0909090909090909
"1955",240,63,0,6,0.241379310344828,0.274193548387097,0.362068965517241,0.636262513904338,0.30952380952381,0.0714285714285714,0,0.142857142857143
"1956",81,17,0,2,0.285714285714286,0.411764705882353,0.571428571428571,0.983193277310924,0.356363636363636,0.25,0,0.25
"1957",647,157,0,15,0.257352941176471,0.344155844155844,0.382352941176471,0.726508785332315,0.317269076305221,0.171428571428571,0.0285714285714286,0.0857142857142857
"1958",577,134,1,8,0.223140495867769,0.293233082706767,0.305785123966942,0.599018206673709,0.29987293519695,0.148148148148148,0,0.0740740740740741
"1959",58,15,0,4,0.428571428571429,0.4,0.642857142857143,1.04285714285714,0.354838709677419,0.166666666666667,0.166666666666667,0
"1960",470,115,1,15,0.303030303030303,0.394736842105263,0.494949494949495,0.889686337054758,0.282184655396619,0.133333333333333,0,0.166666666666667
"1961",101,23,0,2,0.3,0.391304347826087,0.35,0.741304347826087,0.312649164677804,0.166666666666667,0,0
"1962",269,66,1,7,0.228070175438596,0.323076923076923,0.298245614035088,0.621322537112011,0.377622377622378,0.0769230769230769,0,0.0769230769230769
"1963",73,18,0,2,0.222222222222222,0.222222222222222,0.444444444444444,0.666666666666667,0.35361216730038,0.25,0,0.25
"1964",230,60,0,2,0.233333333333333,0.233333333333333,0.35,0.583333333333333,0.319083969465649,0.142857142857143,0.0714285714285714,0.0714285714285714
"1965",518,128,0,9,0.265486725663717,0.330708661417323,0.353982300884956,0.684690962302279,0.312305295950156,0.133333333333333,0,0.0666666666666667
"1966",142,38,0,7,0.3125,0.361111111111111,0.5,0.861111111111111,0.333965844402277,0.1,0.1,0.1
"1967",203,55,0,3,0.274509803921569,0.327272727272727,0.372549019607843,0.69982174688057,0.323320158102767,0.357142857142857,0,0
"1968",249,68,0,4,0.229508196721311,0.276923076923077,0.295081967213115,0.572005044136192,0.332167832167832,0.142857142857143,0.0714285714285714,0
"1969",466,131,0,22,0.352459016393443,0.3828125,0.516393442622951,0.899205942622951,0.320437670965221,0.255813953488372,0,0.0697674418604651
"1970",8,2,0,1,1,1,2,3,0.32,1,0,0
"1971",427,117,0,11,0.221153846153846,0.307692307692308,0.298076923076923,0.605769230769231,0.305204648812532,0.217391304347826,0,0.0434782608695652
"1972",168,42,0,7,0.352941176470588,0.452380952380952,0.5,0.952380952380952,0.364779874213836,0.416666666666667,0,0
"1973",41,10,0,0,0.142857142857143,0.333333333333333,0.142857142857143,0.476190476190476,0.308529945553539,0,0,0
"1974",142,35,0,7,0.310344827586207,0.428571428571429,0.620689655172414,1.04926108374384,0.269633507853403,0.333333333333333,0,0.222222222222222
"1975",564,140,0,13,0.2265625,0.285714285714286,0.390625,0.676339285714286,0.304704595185996,0.172413793103448,0.0689655172413793,0.137931034482759
"1976",526,140,0,14,0.28125,0.330935251798561,0.390625,0.721560251798561,0.323436512950095,0.222222222222222,0,0.0555555555555556
"1977",180,45,0,12,0.317073170731707,0.377777777777778,0.634146341463415,1.01192411924119,0.324175824175824,0.307692307692308,0,0.230769230769231
"1978",481,131,0,12,0.330508474576271,0.37984496124031,0.449152542372881,0.828997503613191,0.329004329004329,0.0256410256410256,0.0512820512820513,0.0769230769230769
"1979",148,41,0,6,0.3,0.317073170731707,0.475,0.792073170731707,0.306,0.333333333333333,0,0.0833333333333333
"1980",243,55,0,8,0.276595744680851,0.381818181818182,0.574468085106383,0.956286266924565,0.358730158730159,0.153846153846154,0,0.307692307692308
"1981",174,42,0,10,0.352941176470588,0.476190476190476,0.705882352941177,1.18207282913165,0.32725321888412,0.25,0,0.25
"1982",170,41,0,5,0.235294117647059,0.365853658536585,0.411764705882353,0.777618364418938,0.272727272727273,0.375,0,0.125
"1983",192,52,0,10,0.4,0.470588235294118,0.688888888888889,1.15947712418301,0.296762589928058,0.222222222222222,0,0.166666666666667
"1984",96,18,0,3,0.466666666666667,0.555555555555556,0.6,1.15555555555556,0.309477756286267,0.285714285714286,0,0
"1985",184,51,0,5,0.282608695652174,0.352941176470588,0.326086956521739,0.679028132992327,0.322033898305085,0.153846153846154,0,0
"1986",33,8,0,4,0.625,0.625,0.75,1.375,0.316753926701571,0.2,0,0
"1987",178,49,0,12,0.418604651162791,0.469387755102041,0.627906976744186,1.09729473184623,0.3184421534937,0.388888888888889,0.0555555555555556,0
"1988",173,46,0,7,0.24390243902439,0.311111111111111,0.51219512195122,0.823306233062331,0.269598470363289,0.2,0,0.3
"1989",26,5,0,1,0.4,0.4,0.4,0.8,0.268382352941176,0,0,0
"1990",236,53,0,15,0.340425531914894,0.415094339622642,0.51063829787234,0.925732637494982,0.37962962962963,0.125,0,0.125
"1991",76,19,0,6,0.428571428571429,0.578947368421053,0.785714285714286,1.36466165413534,0.325,0.333333333333333,0,0.166666666666667
"1992",307,83,0,10,0.3,0.395061728395062,0.385714285714286,0.780776014109347,0.354098360655738,0.285714285714286,0,0
"1993",108,25,0,3,0.315789473684211,0.48,0.736842105263158,1.21684210526316,0.35191637630662,0.333333333333333,0,0.333333333333333
"1994",166,36,0,5,0.333333333333333,0.5,0.592592592592593,1.09259259259259,0.377622377622378,0.111111111111111,0,0.222222222222222
"1995",44,8,0,0,0,0.375,0,0.375,0.320224719101124,0,0,0
"1996",181,49,0,6,0.318181818181818,0.375,0.545454545454545,0.920454545454545,0.344370860927152,0.0714285714285714,0,0.214285714285714
"1997",41,10,0,1,0.4,0.6,0.4,1,0.351145038167939,0,0,0
"1998",468,121,0,20,0.307017543859649,0.333333333333333,0.412280701754386,0.745614035087719,0.326170376055257,0.114285714285714,0.0285714285714286,0.0571428571428571
"1999",608,169,0,26,0.318471337579618,0.351190476190476,0.522292993630573,0.873483469821049,0.316209476309227,0.18,0.02,0.14
"2000",62,15,0,0,0.0769230769230769,0.133333333333333,0.0769230769230769,0.21025641025641,0.311111111111111,0,0,0
"2001",145,35,0,7,0.352941176470588,0.371428571428571,0.588235294117647,0.959663865546219,0.365358592692828,0.166666666666667,0,0.166666666666667
"2002",93,25,0,3,0.315789473684211,0.416666666666667,0.526315789473684,0.942982456140351,0.309895833333333,0.166666666666667,0,0.166666666666667
"2003",98,22,0,3,0.15,0.227272727272727,0.45,0.677272727272727,0.335380835380835,0,0,0.666666666666667
"2004",363,96,0,18,0.289156626506024,0.361702127659574,0.506024096385542,0.867726224045117,0.321928460342146,0.125,0,0.208333333333333
"2005",195,50,0,7,0.357142857142857,0.46,0.428571428571429,0.888571428571429,0.375510204081633,0.2,0,0
"2006",277,62,0,9,0.327272727272727,0.366666666666667,0.545454545454545,0.912121212121212,0.313274336283186,0.166666666666667,0,0.166666666666667
"2007",113,31,0,6,0.366666666666667,0.387096774193548,0.7,1.08709677419355,0.334545454545455,0.363636363636364,0,0.181818181818182
"2008",248,69,0,11,0.333333333333333,0.382352941176471,0.507936507936508,0.890289449112978,0.347931873479319,0.0476190476190476,0.0952380952380952,0.0952380952380952
"2009",627,144,0,16,0.259259259259259,0.291666666666667,0.377777777777778,0.669444444444445,0.307142857142857,0.2,0,0.0857142857142857
"2010",218,55,0,6,0.163265306122449,0.236363636363636,0.387755102040816,0.624118738404453,0.324022346368715,0.25,0,0.375
"2011",144,36,0,5,0.3125,0.371428571428571,0.53125,0.902678571428571,0.310734463276836,0.4,0,0.1
"2012",88,24,0,4,0.277777777777778,0.416666666666667,0.277777777777778,0.694444444444444,0.331797235023041,0,0,0
"2013",179,46,0,4,0.315789473684211,0.422222222222222,0.473684210526316,0.895906432748538,0.336633663366337,0.25,0,0.0833333333333333
"2014",587,155,0,13,0.274074074074074,0.352941176470588,0.437037037037037,0.789978213507625,0.325334821428571,0.189189189189189,0,0.135135135135135
"2015",138,40,0,6,0.305555555555556,0.375,0.444444444444444,0.819444444444444,0.416666666666667,0.454545454545455,0,0
"2016",497,133,0,19,0.312,0.343511450381679,0.488,0.831511450381679,0.308720560152769,0.102564102564103,0,0.153846153846154
"2017",390,107,0,13,0.301075268817204,0.383177570093458,0.505376344086022,0.888553914179479,0.331738437001595,0.285714285714286,0.0357142857142857,0.107142857142857
"2018",99,30,0,4,0.269230769230769,0.366666666666667,0.423076923076923,0.78974358974359,0.285714285714286,0.142857142857143,0,0.142857142857143
"2019",178,53,0,4,0.244897959183673,0.288461538461538,0.326530612244898,0.614992150706436,0.330188679245283,0.333333333333333,0,0
"2020",186,41,0,3,0.2,0.317073170731707,0.371428571428571,0.688501742160279,0.339593114241002,0.428571428571429,0,0.142857142857143
"2021",240,58,1,6,0.28,0.368421052631579,0.48,0.848421052631579,0.32398316970547,0.0714285714285714,0,0.214285714285714
"2022",140,30,0,2,0.208333333333333,0.366666666666667,0.208333333333333,0.575,0.405660377358491,0,0,0
"2023",116,28,0,7,0.44,0.5,0.64,1.14,0.469387755102041,0.181818181818182,0,0.0909090909090909
"2024",165,43,0,5,0.282051282051282,0.333333333333333,0.41025641025641,0.743589743589744,0.314917127071823,0.181818181818182,0,0.0909090909090909
"2025",112,31,0,9,0.571428571428571,0.678571428571429,0.571428571428571,1.25,0.348045397225725,0,0,0
"2026",386,109,0,6,0.244897959183673,0.283018867924528,0.306122448979592,0.58914131690412,0.333793103448276,0.125,0,0.0416666666666667
"2027",147,39,0,5,0.257142857142857,0.315789473684211,0.342857142857143,0.658646616541353,0.299180327868852,0,0,0.111111111111111
"2028",274,76,0,17,0.333333333333333,0.373333333333333,0.579710144927536,0.95304347826087,0.275071633237822,0.260869565217391,0.0434782608695652,0.130434782608696
"2029",283,75,1,9,0.26865671641791,0.324324324324324,0.328358208955224,0.652682533279548,0.30835734870317,0.0555555555555556,0,0.0555555555555556
"2030",267,75,1,7,0.225352112676056,0.266666666666667,0.366197183098592,0.632863849765258,0.324572930354796,0.25,0,0.125
"2031",479,133,0,18,0.347107438016529,0.381679389312977,0.471074380165289,0.852753769478266,0.370179948586118,0.214285714285714,0,0.0476190476190476
"2032",430,110,0,18,0.333333333333333,0.372727272727273,0.53921568627451,0.911942959001782,0.338947368421053,0.0882352941176471,0,0.176470588235294
"2033",43,13,0,2,0.272727272727273,0.272727272727273,0.272727272727273,0.545454545454545,0.358003442340792,0,0,0
"2034",65,19,0,7,0.444444444444444,0.473684210526316,0.833333333333333,1.30701754385965,0.304744525547445,0.25,0.125,0.125
"2035",110,25,0,2,0.238095238095238,0.36,0.428571428571429,0.788571428571428,0.30635838150289,0.2,0,0.2
"2036",46,12,0,3,0.333333333333333,0.333333333333333,0.666666666666667,1,0.284671532846715,0.25,0,0.25
"2037",138,38,0,6,0.242424242424242,0.315789473684211,0.363636363636364,0.679425837320574,0.368794326241135,0.125,0,0.125
"2038",57,17,0,5,0.538461538461538,0.588235294117647,1.07692307692308,1.66515837104072,0.344800625488663,0.142857142857143,0,0.285714285714286
"2039",122,28,0,5,0.16,0.25,0.32,0.57,0.331444759206799,0.25,0,0.25
"2040",136,32,0,9,0.464285714285714,0.53125,0.678571428571429,1.20982142857143,0.363321799307958,0.230769230769231,0,0.0769230769230769
"2041",178,47,0,3,0.30952380952381,0.340425531914894,0.333333333333333,0.673758865248227,0.363534675615213,0.0769230769230769,0,0
"2042",53,17,0,4,0.461538461538462,0.529411764705882,0.615384615384615,1.1447963800905,0.349593495934959,0.333333333333333,0,0
"2043",169,45,0,6,0.25,0.333333333333333,0.3,0.633333333333333,0.27831715210356,0,0.1,0
"2044",296,74,0,8,0.253521126760563,0.273972602739726,0.380281690140845,0.654254292880571,0.344569288389513,0.166666666666667,0,0.111111111111111
"2045",188,49,0,4,0.270833333333333,0.285714285714286,0.4375,0.723214285714286,0.339160839160839,0.153846153846154,0,0.153846153846154
"2046",525,152,0,20,0.280575539568345,0.32,0.453237410071942,0.773237410071942,0.322191780821918,0.230769230769231,0,0.128205128205128
"2047",98,22,0,4,0.315789473684211,0.409090909090909,0.473684210526316,0.882775119617225,0.5,0,0,0.166666666666667
"2048",493,134,0,9,0.261904761904762,0.285714285714286,0.428571428571429,0.714285714285714,0.351602895553258,0.151515151515152,0.0606060606060606,0.121212121212121
"2049",125,34,0,6,0.333333333333333,0.411764705882353,0.433333333333333,0.845098039215686,0.343173431734317,0,0,0.1
"2050",38,11,0,3,0.4,0.454545454545455,0.7,1.15454545454545,0.365384615384615,0.75,0,0
"2051",87,21,0,2,0.333333333333333,0.428571428571429,0.388888888888889,0.817460317460317,0.347058823529412,0.166666666666667,0,0
"2052",63,14,0,4,0.7,0.769230769230769,0.9,1.66923076923077,0.352941176470588,0.285714285714286,0,0
"2053",180,52,0,7,0.26530612244898,0.294117647058824,0.428571428571429,0.722689075630252,0.361266294227188,0.153846153846154,0,0.153846153846154
"2054",517,135,0,18,0.277777777777778,0.32089552238806,0.388888888888889,0.709784411276949,0.31390134529148,0.142857142857143,0,0.0857142857142857
"2055",91,23,0,2,0.368421052631579,0.478260869565217,0.368421052631579,0.846681922196796,0.299319727891156,0,0,0
"2056",114,38,0,6,0.297297297297297,0.315789473684211,0.378378378378378,0.694167852062589,0.340956340956341,0,0,0.0909090909090909
"2057",82,22,0,4,0.409090909090909,0.409090909090909,0.590909090909091,1,0.367387033398821,0.444444444444444,0,0
"2058",232,59,0,7,0.326923076923077,0.379310344827586,0.519230769230769,0.898541114058355,0.359464627151052,0.235294117647059,0,0.117647058823529
"2059",333,86,0,13,0.261538461538462,0.421686746987952,0.4,0.821686746987952,0.323144104803493,0.352941176470588,0,0.0588235294117647
"2060",63,15,0,7,0.4,0.6,1,1.6,0.290697674418605,0,0,0.5
"2061",175,48,0,9,0.261904761904762,0.319148936170213,0.30952380952381,0.628672745694022,0.33652312599681,0.181818181818182,0,0
"2062",423,117,1,15,0.305555555555556,0.35042735042735,0.518518518518518,0.868945868945869,0.339066339066339,0.181818181818182,0.0303030303030303,0.151515151515152
"2063",200,51,0,4,0.186046511627907,0.270833333333333,0.27906976744186,0.549903100775194,0.306451612903226,0.125,0,0.125
"2064",19,4,0,3,0.75,0.75,0.75,1.5,0.343598055105348,0,0,0
"2065",212,56,0,13,0.346153846153846,0.392857142857143,0.615384615384615,1.00824175824176,0.332452081956378,0.111111111111111,0,0.222222222222222
"2066",14,5,0,4,1,1,1.25,2.25,0.311050477489768,0.25,0,0
"2067",195,50,0,11,0.348837209302326,0.42,0.465116279069767,0.885116279069767,0.350710900473934,0.333333333333333,0,0
"2068",350,95,1,11,0.264367816091954,0.315789473684211,0.298850574712644,0.614640048396854,0.33394495412844,0,0,0.0434782608695652
"2069",172,46,0,7,0.317073170731707,0.391304347826087,0.536585365853659,0.927889713679745,0.349794238683128,0.0769230769230769,0.0769230769230769,0.153846153846154
"2070",207,47,0,7,0.35,0.425531914893617,0.65,1.07553191489362,0.334146341463415,0.214285714285714,0,0.214285714285714
"2071",131,36,0,3,0.354838709677419,0.411764705882353,0.580645161290323,0.992409867172676,0.372093023255814,0.0909090909090909,0,0.181818181818182
"2072",141,38,0,3,0.194444444444444,0.216216216216216,0.277777777777778,0.493993993993994,0.337765957446808,0,0,0.142857142857143
"2073",148,43,0,7,0.324324324324324,0.380952380952381,0.621621621621622,1.002574002574,0.397683397683398,0.25,0.0833333333333333,0.166666666666667
"2074",111,29,0,2,0.192307692307692,0.275862068965517,0.230769230769231,0.506631299734748,0.320113314447592,0.2,0,0
"2075",60,15,0,1,0.384615384615385,0.466666666666667,0.692307692307692,1.15897435897436,0.25,0.2,0,0.2
"2076",158,40,0,4,0.161290322580645,0.307692307692308,0.161290322580645,0.468982630272953,0.350951374207188,0,0,0
"2077",49,13,0,4,0.583333333333333,0.538461538461538,1.25,1.78846153846154,0.281115879828326,0.142857142857143,0.285714285714286,0.142857142857143
"2078",338,92,0,15,0.337349397590361,0.388888888888889,0.542168674698795,0.931057563587684,0.331908831908832,0.178571428571429,0,0.142857142857143
"2079",184,47,0,2,0.214285714285714,0.282608695652174,0.261904761904762,0.544513457556936,0.364444444444444,0,0.111111111111111,0
"2080",66,18,0,4,0.466666666666667,0.555555555555556,0.533333333333333,1.08888888888889,0.317073170731707,0.142857142857143,0,0
"2081",546,148,0,13,0.280575539568345,0.319727891156463,0.352517985611511,0.672245876767973,0.330211927057664,0.179487179487179,0,0.0256410256410256
"2082",223,62,0,14,0.333333333333333,0.403225806451613,0.555555555555556,0.958781362007168,0.3125,0.388888888888889,0.0555555555555556,0.0555555555555556
"2083",636,163,0,9,0.189542483660131,0.21875,0.261437908496732,0.480187908496732,0.270315091210614,0.206896551724138,0.0344827586206897,0.0344827586206897
"2084",166,50,0,8,0.302325581395349,0.36734693877551,0.581395348837209,0.94874228761272,0.316129032258064,0.230769230769231,0,0.230769230769231
"2085",71,22,0,2,0.176470588235294,0.318181818181818,0.294117647058824,0.612299465240642,0.287190082644628,0,0.333333333333333,0
"2086",68,15,0,1,0.230769230769231,0.333333333333333,0.230769230769231,0.564102564102564,0.327586206896552,0,0,0
"2087",159,44,0,9,0.365853658536585,0.395348837209302,0.51219512195122,0.907543959160522,0.350961538461538,0.2,0,0.0666666666666667
"2088",500,123,0,13,0.229357798165138,0.30327868852459,0.357798165137615,0.661076853662205,0.312098991750687,0.24,0.04,0.08
"2089",149,38,0,7,0.342857142857143,0.351351351351351,0.6,0.951351351351351,0.3486529318542,0.25,0,0.166666666666667
"2090",53,17,0,3,0.307692307692308,0.411764705882353,0.307692307692308,0.719457013574661,0.303317535545024,0,0,0
"2091",207,58,0,8,0.333333333333333,0.385964912280702,0.431372549019608,0.81733746130031,0.34125636672326,0.117647058823529,0,0.0588235294117647
"2092",28,7,0,3,0.25,0.428571428571429,0.25,0.678571428571429,0.273858921161826,0,0,0
"2093",137,34,0,2,0.235294117647059,0.235294117647059,0.470588235294118,0.705882352941176,0.301801801801802,0,0.125,0.25
"2094",289,73,0,16,0.317460317460317,0.397260273972603,0.603174603174603,1.00043487714721,0.338160136286201,0.15,0,0.25
"2095",192,42,0,0,0.114285714285714,0.225,0.142857142857143,0.367857142857143,0.348127600554785,0.25,0,0
"2096",264,66,0,15,0.316666666666667,0.363636363636364,0.583333333333333,0.946969696969697,0.331292517006803,0.210526315789474,0,0.210526315789474
"2097",95,24,0,3,0.333333333333333,0.416666666666667,0.428571428571429,0.845238095238095,0.326693227091633,0.285714285714286,0,0
"2098",526,129,2,7,0.225,0.251968503937008,0.35,0.601968503937008,0.295361127422196,0.037037037037037,0.037037037037037,0.148148148148148
"2099",406,112,1,10,0.264150943396226,0.303571428571429,0.386792452830189,0.690363881401617,0.323069852941176,0.142857142857143,0,0.107142857142857
"2100",32,9,0,0,0.25,0.333333333333333,0.375,0.708333333333333,0.279503105590062,0.5,0,0
"2101",72,18,0,2,0.1875,0.235294117647059,0.1875,0.422794117647059,0.346260387811634,0,0,0
"2102",101,26,0,1,0.192307692307692,0.192307692307692,0.307692307692308,0.5,0.33125,0,0,0.2
"2103",96,26,0,0,0.08,0.115384615384615,0.08,0.195384615384615,0.289473684210526,0,0,0
"2104",77,23,0,5,0.35,0.434782608695652,0.85,1.28478260869565,0.30939226519337,0.142857142857143,0,0.428571428571429
"2105",102,25,0,1,0.173913043478261,0.24,0.217391304347826,0.457391304347826,0.351906158357771,0.25,0,0
"2106",272,71,0,10,0.253968253968254,0.309859154929577,0.46031746031746,0.770176615247038,0.33757225433526,0.0625,0,0.25
"2107",72,15,0,0,0.0833333333333333,0.266666666666667,0.0833333333333333,0.35,0.284237726098191,0,0,0
"2108",353,90,0,22,0.3375,0.404494382022472,0.7125,1.11699438202247,0.323215289488477,0.111111111111111,0,0.333333333333333
"2109",200,48,0,6,0.261904761904762,0.319148936170213,0.380952380952381,0.700101317122594,0.323976608187135,0.181818181818182,0,0.0909090909090909
"2110",137,44,0,14,0.358974358974359,0.395348837209302,0.641025641025641,1.03637447823494,0.322538860103627,0.142857142857143,0,0.214285714285714
"2111",238,66,0,4,0.225806451612903,0.272727272727273,0.290322580645161,0.563049853372434,0.290829694323144,0.0714285714285714,0,0.0714285714285714
"2112",409,99,0,14,0.241379310344828,0.319587628865979,0.459770114942529,0.779357743808508,0.305587229190422,0.19047619047619,0,0.238095238095238
"2113",117,22,0,7,0.3,0.363636363636364,0.65,1.01363636363636,0.322429906542056,0.166666666666667,0,0.333333333333333
"2114",62,13,0,2,0,0.230769230769231,0,0.230769230769231,0.310185185185185,0,0,0
"2115",305,70,0,10,0.25,0.271428571428571,0.397058823529412,0.668487394957983,0.315441176470588,0.235294117647059,0,0.117647058823529
"2116",21,5,0,1,0.25,0.4,0.25,0.65,0.304713804713805,0,0,0
"2117",175,42,0,4,0.225,0.261904761904762,0.4,0.661904761904762,0.34070796460177,0.111111111111111,0,0.222222222222222
"2118",428,112,0,18,0.333333333333333,0.410714285714286,0.474747474747475,0.885461760461761,0.310650887573964,0.151515151515152,0,0.0909090909090909
"2119",251,64,0,10,0.245614035087719,0.3125,0.403508771929825,0.716008771929824,0.296718972895863,0,0,0.214285714285714
"2120",159,40,0,7,0.315789473684211,0.325,0.473684210526316,0.798684210526316,0.313703284258211,0.25,0,0.0833333333333333
"2121",170,40,0,9,0.333333333333333,0.421052631578947,0.606060606060606,1.02711323763955,0.314220183486239,0.272727272727273,0,0.181818181818182
"2122",110,29,0,3,0.230769230769231,0.310344827586207,0.423076923076923,0.73342175066313,0.36094674556213,0.333333333333333,0,0.166666666666667
"2123",77,19,0,3,0.388888888888889,0.421052631578947,0.777777777777778,1.19883040935673,0.30952380952381,0.142857142857143,0,0.285714285714286
"2124",80,20,0,3,0.294117647058824,0.4,0.529411764705882,0.929411764705882,0.356363636363636,0.4,0.2,0
"2125",395,95,0,23,0.337349397590361,0.404255319148936,0.662650602409639,1.06690592155857,0.317269076305221,0.214285714285714,0,0.25
"2126",233,55,0,7,0.260869565217391,0.358490566037736,0.347826086956522,0.706316652994257,0.29987293519695,0.333333333333333,0,0
"2127",424,101,0,10,0.241379310344828,0.34,0.413793103448276,0.753793103448276,0.282184655396619,0.142857142857143,0,0.19047619047619
"2128",104,31,0,0,0.233333333333333,0.258064516129032,0.266666666666667,0.524731182795699,0.312649164677804,0.142857142857143,0,0
"2129",159,38,0,1,0.342857142857143,0.378378378378378,0.457142857142857,0.835521235521236,0.377622377622378,0.166666666666667,0.0833333333333333,0
"2130",62,14,0,2,0.214285714285714,0.214285714285714,0.428571428571429,0.642857142857143,0.343470483005367,0,0,0.333333333333333
"2131",69,16,0,0,0.0769230769230769,0.1875,0.0769230769230769,0.264423076923077,0.35361216730038,0,0,0
"2132",107,32,0,7,0.413793103448276,0.433333333333333,0.620689655172414,1.05402298850575,0.319083969465649,0.25,0,0.0833333333333333
"2133",511,133,0,11,0.25,0.307692307692308,0.358333333333333,0.666025641025641,0.312305295950156,0.133333333333333,0,0.1
"2134",70,20,0,0,0.263157894736842,0.3,0.315789473684211,0.61578947368421,0.333965844402277,0.2,0,0
"2135",184,47,0,12,0.418604651162791,0.468085106382979,0.720930232558139,1.18901533894112,0.323320158102767,0.222222222222222,0,0.166666666666667
"2136",247,67,0,2,0.280701754385965,0.333333333333333,0.298245614035088,0.631578947368421,0.332167832167832,0.0625,0,0
"2137",505,131,0,13,0.254098360655738,0.305343511450382,0.385245901639344,0.690589413089726,0.320437670965221,0.032258064516129,0,0.161290322580645
"2138",78,22,0,4,0.45,0.454545454545455,0.5,0.954545454545455,0.407079646017699,0.111111111111111,0,0
"2139",405,103,0,9,0.274725274725275,0.352941176470588,0.406593406593407,0.759534583063995,0.305204648812532,0.24,0,0.08
"2140",62,15,0,1,0.153846153846154,0.266666666666667,0.153846153846154,0.420512820512821,0.364779874213836,0,0,0
"2141",123,30,0,2,0.214285714285714,0.266666666666667,0.25,0.516666666666667,0.308529945553539,0.166666666666667,0,0
"2142",33,9,0,5,0.375,0.444444444444444,0.875,1.31944444444444,0.269633507853403,0.333333333333333,0,0.333333333333333
"2143",257,69,0,16,0.34375,0.391304347826087,0.65625,1.04755434782609,0.304704595185996,0.0909090909090909,0,0.272727272727273
"2144",374,101,0,12,0.273684210526316,0.3,0.442105263157895,0.742105263157895,0.323436512950095,0.153846153846154,0,0.153846153846154
"2145",52,20,0,6,0.555555555555556,0.578947368421053,0.777777777777778,1.35672514619883,0.324175824175824,0.1,0,0.1
"2146",446,125,0,15,0.296610169491525,0.32520325203252,0.372881355932203,0.698084607964724,0.329004329004329,0.0857142857142857,0,0.0571428571428571
"2147",105,26,0,6,0.347826086956522,0.36,0.652173913043478,1.01217391304348,0.306,0.125,0,0.25
"2148",91,29,0,2,0.318181818181818,0.428571428571429,0.409090909090909,0.837662337662338,0.358730158730159,0.285714285714286,0,0
"2149",138,41,0,11,0.421052631578947,0.439024390243902,0.578947368421053,1.01797175866496,0.32725321888412,0.1875,0,0.0625
"2150",106,24,0,1,0.142857142857143,0.25,0.333333333333333,0.583333333333333,0.272727272727273,0.333333333333333,0,0.333333333333333
"2151",161,41,0,5,0.25,0.463414634146341,0.428571428571429,0.89198606271777,0.296762589928058,0.285714285714286,0,0.142857142857143
"2152",108,29,0,5,0.25,0.357142857142857,0.583333333333333,0.94047619047619,0.309477756286267,0.333333333333333,0,0.333333333333333
"2153",93,20,1,0,0.125,0.3,0.125,0.425,0.322033898305085,0,0,0
"2154",52,15,0,2,0.25,0.4,0.5,0.9,0.316753926701571,0,0,0.333333333333333
"2155",94,28,0,3,0.25,0.25,0.5,0.75,0.296127562642369,0.142857142857143,0,0.285714285714286
"2156",248,54,0,3,0.186046511627907,0.351851851851852,0.27906976744186,0.630921619293712,0.269598470363289,0.125,0,0.125
"2157",379,87,1,16,0.291666666666667,0.413793103448276,0.430555555555556,0.844348659003831,0.37962962962963,0.0476190476190476,0,0.142857142857143
"2158",166,48,0,8,0.315789473684211,0.446808510638298,0.631578947368421,1.07838745800672,0.354098360655738,0.0833333333333333,0.0833333333333333,0.25
"2159",100,27,0,6,0.391304347826087,0.481481481481481,0.391304347826087,0.872785829307568,0.377622377622378,0,0,0
"2160",76,20,0,3,0.277777777777778,0.3,0.5,0.8,0.320224719101124,0.2,0,0.2
"2161",369,98,0,22,0.4,0.443298969072165,0.688888888888889,1.13218785796105,0.344370860927152,0.222222222222222,0,0.166666666666667
"2162",159,42,0,5,0.277777777777778,0.365853658536585,0.527777777777778,0.893631436314363,0.351145038167939,0,0,0.3
"2163",198,49,0,8,0.30952380952381,0.36734693877551,0.452380952380952,0.819727891156463,0.326170376055257,0.230769230769231,0,0.0769230769230769
"2164",312,78,0,9,0.246376811594203,0.320512820512821,0.420289855072464,0.740802675585284,0.316209476309227,0.176470588235294,0,0.176470588235294
"2165",132,32,0,12,0.333333333333333,0.516129032258065,0.571428571428571,1.08755760368664,0.311111111111111,0,0.142857142857143,0.142857142857143
"2166",168,47,0,6,0.372093023255814,0.377777777777778,0.558139534883721,0.935917312661499,0.365358592692828,0.3125,0,0.0625
"2167",313,75,0,9,0.242424242424242,0.324324324324324,0.424242424242424,0.748566748566749,0.309895833333333,0.25,0.0625,0.125
"2168",225,51,0,7,0.348837209302326,0.44,0.395348837209302,0.835348837209302,0.335380835380835,0.133333333333333,0,0
"2169",204,51,0,12,0.355555555555556,0.431372549019608,0.644444444444444,1.07581699346405,0.321928460342146,0.25,0,0.1875
"2170",143,38,0,4,0.264705882352941,0.324324324324324,0.529411764705882,0.853736089030207,0.313274336283186,0.333333333333333,0,0.222222222222222
"2171",57,19,0,4,0.444444444444444,0.473684210526316,0.666666666666667,1.14035087719298,0.303754266211604,0.125,0,0.125
"2172",230,62,0,12,0.377358490566038,0.442622950819672,0.641509433962264,1.08413238478194,0.347931873479319,0.1,0,0.2
"2173",540,131,0,17,0.252173913043478,0.333333333333333,0.391304347826087,0.72463768115942,0.307142857142857,0.172413793103448,0.0344827586206897,0.103448275862069
"2174",205,63,0,14,0.372881355932203,0.396825396825397,0.508474576271186,0.905299973096583,0.324022346368715,0.0909090909090909,0,0.0909090909090909
"2175",277,79,0,1,0.144736842105263,0.177215189873418,0.197368421052632,0.374583610926049,0.310734463276836,0.0909090909090909,0,0.0909090909090909
"2176",18,4,0,0,0,0.25,0,0.25,0,0,0,0
"2177",40,10,0,1,0.25,0.333333333333333,0.375,0.708333333333333,0.331797235023041,0.5,0,0
"2178",75,25,0,3,0.19047619047619,0.32,0.428571428571429,0.748571428571429,0.336633663366337,0.5,0,0.25
"2179",83,24,0,3,0.304347826086957,0.333333333333333,0.391304347826087,0.72463768115942,0.325334821428571,0.285714285714286,0,0
"2180",108,25,0,4,0.363636363636364,0.375,0.454545454545455,0.829545454545455,0.416666666666667,0.25,0,0
"2181",509,138,0,21,0.261904761904762,0.318840579710145,0.333333333333333,0.652173913043478,0.308720560152769,0.121212121212121,0.0303030303030303,0.0303030303030303
"2182",233,63,0,14,0.357142857142857,0.412698412698413,0.607142857142857,1.01984126984127,0.331738437001595,0.1,0,0.2
"2183",35,14,0,5,0.538461538461538,0.538461538461538,1.07692307692308,1.61538461538462,0.285714285714286,0.142857142857143,0,0.285714285714286
"2184",130,42,0,10,0.368421052631579,0.404761904761905,0.605263157894737,1.01002506265664,0.330188679245283,0.214285714285714,0,0.142857142857143
"2185",47,12,0,1,0.181818181818182,0.25,0.454545454545455,0.704545454545455,0.36222005842259,0,0,0.5
"2186",144,36,0,14,0.451612903225806,0.472222222222222,0.903225806451613,1.37544802867384,0.339593114241002,0.142857142857143,0,0.285714285714286
"2187",124,29,0,5,0.384615384615385,0.448275862068966,0.461538461538462,0.909814323607427,0.32398316970547,0.2,0,0
"2188",27,6,0,1,1,1,1,2,0.405660377358491,0,0,0
"2189",15,3,0,0,1,1,1,2,0.469387755102041,0,0,0
"2190",14,3,0,0,0,0.333333333333333,0,0.333333333333333,0.314917127071823,0,0,0
"2191",62,18,0,6,0.5,0.555555555555556,0.75,1.30555555555556,0.348045397225725,0.125,0,0.125
"2192",17,5,0,0,0,0.2,0,0.2,0.299180327868852,0,0,0
"2193",99,25,0,4,0.25,0.4,0.4,0.8,0.324572930354796,0,0,0.2
"2194",59,14,0,2,0.285714285714286,0.285714285714286,0.5,0.785714285714286,0.358003442340792,0,0,0.25
"2195",24,6,0,0,0.166666666666667,0.166666666666667,0.166666666666667,0.333333333333333,0.30635838150289,0,0,0
"2196",33,10,0,0,0.1,0.1,0.1,0.2,0.284671532846715,0,0,0
"2197",22,7,0,1,0.428571428571429,0.428571428571429,0.428571428571429,0.857142857142857,0.368794326241135,0,0,0
"2198",5,2,0,1,0.5,0.5,0.5,1,0.363321799307958,0,0,0
"2199",23,5,0,2,0.5,0.6,0.75,1.35,0.363534675615213,0.5,0,0
"2200",30,5,0,0,0.4,0.4,0.4,0.8,0.27831715210356,0,0,0
"2201",64,17,0,5,0.529411764705882,0.529411764705882,0.823529411764706,1.35294117647059,0.344569288389513,0.222222222222222,0,0.111111111111111
"2202",23,4,0,0,0.25,0.25,0.25,0.5,0.339160839160839,0,0,0
"2203",110,30,0,2,0.344827586206897,0.333333333333333,0.482758620689655,0.816091954022989,0.322191780821918,0.1,0,0.1
"2204",23,7,0,6,0.833333333333333,0.857142857142857,1,1.85714285714286,0.5,0.2,0,0
"2205",25,8,0,6,0.666666666666667,0.75,1.66666666666667,2.41666666666667,0.343173431734317,0,0,0.5
"2206",29,9,0,0,0.222222222222222,0.222222222222222,0.222222222222222,0.444444444444444,0.361266294227188,0,0,0
"2207",120,27,0,2,0.24,0.296296296296296,0.24,0.536296296296296,0.31390134529148,0,0,0
"2208",14,4,0,0,0.25,0.25,0.5,0.75,0.299319727891156,1,0,0
"2209",50,14,0,1,0.230769230769231,0.285714285714286,0.307692307692308,0.593406593406593,0.340956340956341,0.333333333333333,0,0
"2210",49,12,0,5,0.545454545454545,0.583333333333333,1,1.58333333333333,0.323144104803493,0.333333333333333,0,0.166666666666667
"2211",4,3,0,0,0,0,0,0,0.290697674418605,0,0,0
"2212",12,3,0,0,0,0,0,0,0.33652312599681,0,0,0
"2213",51,14,0,2,0.2,0.384615384615385,0.5,0.884615384615385,0.306451612903226,0,0,0.5
"2214",39,10,0,1,0.25,0.4,0.5,0.9,0.383886255924171,0,0.5,0
"2215",14,4,0,0,0.25,0.25,0.25,0.5,0.25,0,0,0
"2216",99,26,0,1,0.136363636363636,0.269230769230769,0.181818181818182,0.451048951048951,0.33394495412844,0.333333333333333,0,0
"2217",21,6,0,0,0.25,0.5,0.25,0.75,0.349794238683128,0,0,0
"2218",23,5,0,0,0.4,0.4,0.4,0.8,0.334146341463415,0,0,0
"2219",31,8,0,2,0.125,0.125,0.5,0.625,0.372093023255814,0,0,1
"2220",18,4,0,3,1,1,1.33333333333333,2.33333333333333,0.337765957446808,0.333333333333333,0,0
"2221",34,7,0,0,0.142857142857143,0.142857142857143,0.285714285714286,0.428571428571429,0.397683397683398,1,0,0
"2222",52,17,0,3,0.3125,0.3125,0.5625,0.875,0.320113314447592,0.2,0,0.2
"2223",15,4,0,3,0.5,0.75,0.5,1.25,0.25,0,0,0
"2224",69,18,0,4,0.266666666666667,0.333333333333333,0.4,0.733333333333333,0.331908831908832,0.5,0,0
"2225",93,27,0,4,0.217391304347826,0.28,0.304347826086957,0.584347826086957,0.316129032258064,0.4,0,0
"2226",57,14,0,1,0.307692307692308,0.357142857142857,0.461538461538462,0.818681318681319,0.287190082644628,0.5,0,0
"2227",23,5,0,1,0.2,0.2,0.2,0.4,0.327586206896552,0,0,0
"2228",1,0,0,0,0,0,0,0,0.34125636672326,0,0,0
"2229",28,6,0,1,0.2,0.333333333333333,0.4,0.733333333333333,0.273858921161826,1,0,0
"2230",27,5,0,0,0,0.2,0,0.2,0.348127600554785,0,0,0
"2231",108,28,0,2,0.230769230769231,0.285714285714286,0.538461538461538,0.824175824175824,0.323069852941176,0.5,0.166666666666667,0.166666666666667
"2232",15,3,0,0,0,0,0,0,0.33125,0,0,0
"2233",14,3,0,1,0.333333333333333,0.333333333333333,0.666666666666667,1,0.323215289488477,1,0,0
"2234",22,6,0,0,0.25,0.5,0.5,1,0.323976608187135,1,0,0
"2235",10,3,0,0,0,0,0,0,0.322538860103627,0,0,0
"2236",88,24,0,4,0.375,0.375,0.5,0.875,0.305587229190422,0,0,0.111111111111111
"2237",3,1,0,0,0,0,0,0,0.322429906542056,0,0,0
"2238",14,3,0,0,0,0,0,0,0.315441176470588,0,0,0
"2239",9,3,0,0,0.333333333333333,0.333333333333333,0.333333333333333,0.666666666666667,0.34070796460177,0,0,0
"2240",23,4,0,3,0.75,0.75,1.5,2.25,0.296718972895863,0,0,0.333333333333333
"2241",13,4,0,0,0,0.25,0,0.25,0.313703284258211,0,0,0
"2242",9,3,0,0,0,0,0,0,0.314220183486239,0,0,0
"2243",3,1,0,0,0,0,0,0,0.36094674556213,0,0,0
"2244",88,21,0,0,0.1,0.142857142857143,0.1,0.242857142857143,0.317269076305221,0,0,0
"2245",49,12,0,1,0.166666666666667,0.166666666666667,0.5,0.666666666666667,0.29987293519695,0.5,0,0.5
"2246",90,23,0,2,0.318181818181818,0.347826086956522,0.454545454545455,0.802371541501976,0.282184655396619,0,0,0.142857142857143
"2247",41,7,0,2,0.333333333333333,0.428571428571429,0.333333333333333,0.761904761904762,0.377622377622378,0,0,0
"2248",14,3,0,0,0.333333333333333,0.333333333333333,0.333333333333333,0.666666666666667,0.333965844402277,0,0,0
"2249",8,2,0,0,1,1,1,2,0.323320158102767,0,0,0
"2250",32,7,0,1,0.25,0.428571428571429,0.25,0.678571428571429,0.332167832167832,0,0,0
"2251",10,2,0,1,0.5,0.5,0.5,1,0.320437670965221,0,0,0
"2252",17,3,0,0,0.333333333333333,0.333333333333333,0.333333333333333,0.666666666666667,0.308529945553539,0,0,0
"2253",67,17,0,2,0.357142857142857,0.4375,0.571428571428571,1.00892857142857,0.304704595185996,0,0,0.2
"2254",10,3,0,0,0,0.333333333333333,0,0.333333333333333,0.306,0,0,0
"2255",9,3,0,0,0,0,0,0,0.32725321888412,0,0,0
"2256",18,4,0,0,0,0.25,0,0.25,0.272727272727273,0,0,0
"2257",11,3,0,0,0,0,0,0,0.296762589928058,0,0,0
"2258",12,3,0,0,0,0,0,0,0.322033898305085,0,0,0
"2259",16,4,0,0,0,0.25,0,0.25,0.269598470363289,0,0,0
"2260",38,10,0,0,0.111111111111111,0.2,0.222222222222222,0.422222222222222,0.344370860927152,1,0,0
"2261",89,25,0,3,0.260869565217391,0.28,0.304347826086957,0.584347826086957,0.326170376055257,0.166666666666667,0,0
"2262",18,5,0,0,0.4,0.4,0.4,0.8,0.365358592692828,0,0,0
"2263",94,23,0,6,0.428571428571429,0.478260869565217,0.952380952380952,1.43064182194617,0.309895833333333,0.222222222222222,0,0.333333333333333
"2264",50,13,0,3,0.538461538461538,0.538461538461538,0.538461538461538,1.07692307692308,0.335380835380835,0,0,0
"2265",14,3,0,0,0,0,0,0,0.313274336283186,0,0,0
"2266",41,13,0,3,0.307692307692308,0.307692307692308,0.846153846153846,1.15384615384615,0.324022346368715,0.25,0,0.5
"2267",22,7,0,4,0.6,0.714285714285714,1.2,1.91428571428571,0.310734463276836,0.333333333333333,0.333333333333333,0
"2268",19,5,0,0,0.25,0.4,0.5,0.9,0.336633663366337,1,0,0
"2269",8,1,0,0,0,0,0,0,0.331738437001595,0,0,0
"2270",14,3,0,0,0,0,0,0,0.330188679245283,0,0,0
"2271",13,3,0,3,1,1,1,2,0.36222005842259,0,0,0
"2272",19,5,0,0,0.2,0.2,0.2,0.4,0.339593114241002,0,0,0
"2273",17,4,0,0,0.25,0.25,0.25,0.5,0.32398316970547,0,0,0
"2274",73,16,0,0,0.0714285714285714,0.1875,0.0714285714285714,0.258928571428571,0.319294809010774,0,0,0
"2275",34,11,0,1,0.272727272727273,0.272727272727273,0.272727272727273,0.545454545454545,0.314917127071823,0,0,0
"2276",32,8,0,0,0.428571428571429,0.5,0.428571428571429,0.928571428571429,0.348045397225725,0,0,0
"2277",31,7,0,0,0.166666666666667,0.285714285714286,0.166666666666667,0.452380952380952,0.319303338171263,0,0,0
"2278",53,11,0,2,0.111111111111111,0.272727272727273,0.111111111111111,0.383838383838384,0.299180327868852,0,0,0
"2279",45,10,0,1,0,0.4,0,0.4,0.362694300518135,0,0,0
"2280",194,48,0,8,0.219512195121951,0.333333333333333,0.463414634146341,0.796747967479675,0.379084967320261,0.111111111111111,0,0.333333333333333
"2281",223,48,0,14,0.325,0.4375,0.6,1.0375,0.312807881773399,0.153846153846154,0,0.230769230769231
"2282",81,22,0,2,0.15,0.227272727272727,0.2,0.427272727272727,0.324572930354796,0.333333333333333,0,0
"2283",75,19,0,6,0.285714285714286,0.421052631578947,0.571428571428571,0.992481203007519,0.338947368421053,0.25,0,0.25
"2284",107,28,0,0,0.185185185185185,0.214285714285714,0.222222222222222,0.436507936507937,0.347619047619048,0.2,0,0
"2285",51,13,0,4,0.583333333333333,0.538461538461538,1.08333333333333,1.62179487179487,0.358003442340792,0,0,0.285714285714286
"2286",34,8,0,0,0.5,0.5,0.625,1.125,0.304744525547445,0.25,0,0
"2287",20,4,0,0,0,0,0,0,0.30635838150289,0,0,0
"2288",37,11,0,4,0.454545454545455,0.454545454545455,0.909090909090909,1.36363636363636,0.284671532846715,0.4,0,0.2
"2289",9,3,0,0,0.333333333333333,0.333333333333333,0.333333333333333,0.666666666666667,0.368794326241135,0,0,0
"2290",31,8,0,1,0.25,0.25,0.25,0.5,0.312775330396476,0,0,0
"2291",57,15,0,1,0.285714285714286,0.333333333333333,0.5,0.833333333333333,0.27831715210356,0,0,0.25
"2292",95,26,0,4,0.32,0.346153846153846,0.44,0.786153846153846,0.339160839160839,0,0,0.125
"2293",58,13,0,0,0,0,0,0,0.397260273972603,0,0,0
"2294",65,15,0,0,0.307692307692308,0.4,0.307692307692308,0.707692307692308,0.308510638297872,0,0,0
"2295",222,51,0,6,0.3125,0.352941176470588,0.520833333333333,0.873774509803922,0.322191780821918,0.266666666666667,0,0.133333333333333
"2296",64,17,0,2,0.4375,0.470588235294118,0.5,0.970588235294118,0.326241134751773,0.142857142857143,0,0
"2297",84,23,0,0,0.136363636363636,0.173913043478261,0.181818181818182,0.355731225296443,0.351602895553258,0.333333333333333,0,0
"2298",25,9,0,0,0.222222222222222,0.222222222222222,0.222222222222222,0.444444444444444,0.361266294227188,0,0,0
"2299",183,54,0,7,0.245283018867925,0.259259259259259,0.471698113207547,0.730957372466806,0.31390134529148,0.230769230769231,0,0.230769230769231
"2300",92,20,0,0,0.133333333333333,0.35,0.133333333333333,0.483333333333333,0.299319727891156,0,0,0
"2301",20,4,0,0,0,0.25,0,0.25,0.340956340956341,0,0,0
"2302",82,23,0,6,0.428571428571429,0.478260869565217,0.666666666666667,1.14492753623188,0.367387033398821,0,0.111111111111111,0.111111111111111
"2303",73,19,0,4,0.333333333333333,0.388888888888889,0.6,0.988888888888889,0.359464627151052,0.2,0,0.2
"2304",104,29,0,0,0.206896551724138,0.206896551724138,0.275862068965517,0.482758620689655,0.323144104803493,0.333333333333333,0,0
"2305",25,8,0,0,0.25,0.25,0.25,0.5,0.33652312599681,0,0,0
"2306",173,43,0,15,0.473684210526316,0.511627906976744,0.815789473684211,1.32741738066095,0.306451612903226,0.166666666666667,0.111111111111111,0.111111111111111
"2307",51,13,0,6,0.416666666666667,0.461538461538462,1,1.46153846153846,0.343598055105348,0.2,0,0.4
"2308",191,50,0,5,0.333333333333333,0.416666666666667,0.452380952380952,0.869047619047619,0.332452081956378,0.142857142857143,0,0.0714285714285714
"2309",62,21,0,3,0.3,0.285714285714286,0.45,0.735714285714286,0.334146341463415,0,0,0.166666666666667
"2310",86,22,0,3,0.333333333333333,0.363636363636364,0.380952380952381,0.744588744588745,0.36222005842259,0.142857142857143,0,0
"2311",44,11,0,1,0.222222222222222,0.272727272727273,0.555555555555556,0.828282828282828,0.337765957446808,0.5,0.5,0
"2312",54,15,0,0,0.0714285714285714,0.133333333333333,0.0714285714285714,0.204761904761905,0.364963503649635,0,0,0
"2313",48,14,0,1,0.25,0.357142857142857,0.333333333333333,0.69047619047619,0.397683397683398,0.333333333333333,0,0
"2314",67,17,0,2,0.266666666666667,0.352941176470588,0.733333333333333,1.08627450980392,0.320113314447592,0.25,0,0.5
"2315",108,33,0,5,0.387096774193548,0.424242424242424,0.612903225806452,1.03714565004888,0.350951374207188,0.0833333333333333,0,0.166666666666667
"2316",59,16,0,2,0.142857142857143,0.1875,0.142857142857143,0.330357142857143,0.281115879828326,0,0,0
"2317",97,25,0,3,0.210526315789474,0.4,0.578947368421053,0.978947368421053,0.331908831908832,0.25,0,0.5
"2318",16,4,0,1,0.333333333333333,0.5,0.333333333333333,0.833333333333333,0.294117647058824,0,0,0
"2319",24,5,0,0,0.333333333333333,0.6,0.666666666666667,1.26666666666667,0.364444444444444,1,0,0
"2320",33,10,0,0,0,0.2,0,0.2,0.317073170731707,0,0,0
"2321",92,26,0,3,0.304347826086957,0.36,0.347826086956522,0.707826086956522,0.330211927057664,0.142857142857143,0,0
"2322",56,13,0,6,0.333333333333333,0.538461538461538,1,1.53846153846154,0.393939393939394,0,0,0.666666666666667
"2323",89,21,0,4,0.25,0.428571428571429,0.25,0.678571428571429,0.316129032258064,0,0,0
"2324",209,52,0,5,0.282608695652174,0.346153846153846,0.391304347826087,0.737458193979933,0.301424050632911,0.384615384615385,0,0
"2325",6,1,0,0,0,0,0,0,0.350961538461538,0,0,0
"2326",86,21,0,4,0.277777777777778,0.333333333333333,0.5,0.833333333333333,0.312098991750687,0.4,0.2,0
"2327",43,11,0,0,0.4,0.454545454545455,0.4,0.854545454545454,0.3486529318542,0,0,0
"2328",41,15,0,2,0.307692307692308,0.357142857142857,0.384615384615385,0.741758241758242,0.34125636672326,0.25,0,0
"2329",71,18,0,1,0.2,0.277777777777778,0.266666666666667,0.544444444444445,0.273858921161826,0.333333333333333,0,0
"2330",96,23,0,3,0.111111111111111,0.304347826086957,0.277777777777778,0.582125603864734,0.338160136286201,0,0,0.5
"2331",82,21,0,3,0.277777777777778,0.35,0.5,0.85,0.348127600554785,0,0.4,0
"2332",44,15,0,1,0.285714285714286,0.333333333333333,0.5,0.833333333333333,0.286516853932584,0,0,0.25
"2333",99,23,0,3,0.277777777777778,0.391304347826087,0.444444444444444,0.835748792270531,0.323069852941176,0.6,0,0
"2334",171,44,0,5,0.25,0.386363636363636,0.333333333333333,0.71969696969697,0.368,0,0,0.111111111111111
"2335",199,49,0,10,0.25,0.36734693877551,0.35,0.71734693877551,0.348130841121495,0.1,0,0.1
"2336",36,8,0,2,0,0.25,0,0.25,0.346260387811634,0,0,0
"2337",35,7,0,5,0.666666666666667,0.714285714285714,1,1.71428571428571,0.33125,0.5,0,0
"2338",52,13,0,1,0.307692307692308,0.307692307692308,0.461538461538462,0.769230769230769,0.30939226519337,0.5,0,0
"2339",61,14,0,2,0.153846153846154,0.214285714285714,0.384615384615385,0.598901098901099,0.351906158357771,0,0,0.5
"2340",89,24,0,4,0.318181818181818,0.375,0.363636363636364,0.738636363636364,0.33757225433526,0.142857142857143,0,0
"2341",40,12,0,3,0.545454545454545,0.583333333333333,1,1.58333333333333,0.297297297297297,0.333333333333333,0,0.166666666666667
"2342",69,18,0,1,0.25,0.333333333333333,0.5,0.833333333333333,0.284237726098191,0.25,0,0.25
"2343",90,23,0,1,0.181818181818182,0.217391304347826,0.227272727272727,0.444664031620553,0.323215289488477,0.25,0,0
"2344",24,4,0,2,0.333333333333333,0.5,1.33333333333333,1.83333333333333,0.33112582781457,0,0,1
"2345",20,7,0,3,0.571428571428571,0.571428571428571,1.42857142857143,2,0.323976608187135,0,0,0.5
"2346",85,18,0,3,0.285714285714286,0.444444444444444,0.285714285714286,0.73015873015873,0.322538860103627,0,0,0
"2347",43,13,0,0,0.25,0.307692307692308,0.25,0.557692307692308,0.2997542997543,0,0,0
"2348",96,25,0,2,0.227272727272727,0.32,0.409090909090909,0.729090909090909,0.315441176470588,0.2,0,0.2
"2349",184,47,0,3,0.204545454545455,0.234042553191489,0.227272727272727,0.461315280464217,0.344594594594595,0.111111111111111,0,0
"2350",187,46,0,4,0.194444444444444,0.333333333333333,0.222222222222222,0.555555555555556,0.336980306345733,0.142857142857143,0,0
"2351",58,13,0,1,0.166666666666667,0.230769230769231,0.416666666666667,0.647435897435897,0.296718972895863,0,0,0.5
"2352",58,17,0,5,0.461538461538462,0.529411764705882,0.538461538461538,1.06787330316742,0.313703284258211,0.166666666666667,0,0
"2353",85,22,0,0,0.15,0.227272727272727,0.15,0.377272727272727,0.303317535545024,0,0,0
"2354",43,13,0,1,0.153846153846154,0.153846153846154,0.461538461538462,0.615384615384615,0.314220183486239,0.5,0,0.5
"2355",27,8,0,1,0.125,0.125,0.5,0.625,0.30952380952381,0,0,1
"2356",2,1,0,0,0,0,0,0,0.385964912280702,0,0,0
"2357",83,20,0,0,0.0588235294117647,0.2,0.117647058823529,0.317647058823529,0.29987293519695,1,0,0
"2358",189,44,0,5,0.317073170731707,0.348837209302326,0.463414634146341,0.812251843448667,0.295361127422196,0.230769230769231,0,0.0769230769230769
"2359",57,14,0,0,0.285714285714286,0.285714285714286,0.285714285714286,0.571428571428571,0.312649164677804,0,0,0
"2360",80,22,0,2,0.222222222222222,0.333333333333333,0.222222222222222,0.555555555555556,0.343470483005367,0,0,0
"2361",54,13,0,2,0.363636363636364,0.416666666666667,0.454545454545455,0.871212121212121,0.38,0.25,0,0
"2362",83,21,0,0,0.1,0.142857142857143,0.1,0.242857142857143,0.290633608815427,0,0,0
"2363",178,48,0,12,0.318181818181818,0.361702127659574,0.5,0.861702127659574,0.312305295950156,0.142857142857143,0,0.142857142857143
"2364",51,13,0,9,0.7,0.769230769230769,1.4,2.16923076923077,0.375,0.142857142857143,0,0.285714285714286
"2365",21,4,0,0,0,0.25,0,0.25,0.333965844402277,0,0,0
"2366",84,22,0,1,0.1,0.181818181818182,0.25,0.431818181818182,0.323320158102767,0,0,0.5
"2367",60,18,0,3,0.25,0.333333333333333,0.375,0.708333333333333,0.332167832167832,0.5,0,0
"2368",16,4,0,0,0.333333333333333,0.5,0.333333333333333,0.833333333333333,0.313953488372093,0,0,0
"2369",95,30,0,4,0.333333333333333,0.4,0.518518518518518,0.918518518518519,0.320437670965221,0.333333333333333,0.111111111111111,0
"2370",98,27,0,6,0.346153846153846,0.37037037037037,0.692307692307692,1.06267806267806,0.305204648812532,0.333333333333333,0,0.222222222222222
"2371",57,15,0,4,0.266666666666667,0.266666666666667,0.666666666666667,0.933333333333333,0.308529945553539,0,0,0.5
"2372",46,12,0,2,0.166666666666667,0.166666666666667,0.666666666666667,0.833333333333333,0.269633507853403,0,0,1
"2373",88,22,0,3,0.333333333333333,0.363636363636364,0.666666666666667,1.03030303030303,0.304704595185996,0.142857142857143,0,0.285714285714286
"2374",102,24,0,4,0.285714285714286,0.375,0.380952380952381,0.755952380952381,0.323436512950095,0.333333333333333,0,0
"2375",35,12,0,5,0.5,0.583333333333333,0.9,1.48333333333333,0.324175824175824,0.2,0,0.2
"2376",90,22,0,1,0.238095238095238,0.272727272727273,0.238095238095238,0.510822510822511,0.313120176405733,0,0,0
"2377",31,9,0,1,0.25,0.333333333333333,0.25,0.583333333333333,0.32725321888412,0,0,0
"2378",35,7,0,0,0.142857142857143,0.142857142857143,0.285714285714286,0.428571428571429,0.272727272727273,1,0,0
"2379",38,10,0,0,0.1,0.1,0.2,0.3,0.296762589928058,1,0,0
"2380",53,12,0,1,0.2,0.333333333333333,0.5,0.833333333333333,0.339350180505415,0,0,0.5
"2381",62,14,0,0,0.363636363636364,0.5,0.363636363636364,0.863636363636364,0.309477756286267,0,0,0
"2382",154,39,0,0,0.166666666666667,0.230769230769231,0.166666666666667,0.397435897435897,0.316349809885932,0,0,0
"2383",51,13,0,1,0.181818181818182,0.307692307692308,0.363636363636364,0.671328671328671,0.322033898305085,0,0.5,0
"2384",109,27,0,2,0.32,0.37037037037037,0.4,0.77037037037037,0.316753926701571,0.25,0,0
"2385",62,15,0,0,0.0769230769230769,0.2,0.0769230769230769,0.276923076923077,0.269598470363289,0,0,0
"2386",50,12,0,5,0.333333333333333,0.454545454545455,0.777777777777778,1.23232323232323,0.268382352941176,0.333333333333333,0,0.333333333333333
"2387",71,15,0,3,0.333333333333333,0.6,0.444444444444444,1.04444444444444,0.37962962962963,0.333333333333333,0,0
"2388",79,17,0,0,0.1875,0.235294117647059,0.3125,0.547794117647059,0.354098360655738,0.666666666666667,0,0
"2389",71,20,0,2,0.294117647058824,0.4,0.294117647058824,0.694117647058824,0.35191637630662,0,0,0
"2390",17,6,0,0,0.5,0.6,0.5,1.1,0.351145038167939,0,0,0
"2391",88,21,0,9,0.411764705882353,0.523809523809524,1.05882352941176,1.58263305322129,0.343434343434343,0.285714285714286,0,0.428571428571429
"2392",90,24,0,0,0.181818181818182,0.25,0.272727272727273,0.522727272727273,0.303448275862069,0.5,0,0
"2393",210,54,1,7,0.266666666666667,0.358490566037736,0.488888888888889,0.847379454926625,0.342749529190207,0.333333333333333,0,0.166666666666667
"2394",164,50,0,8,0.304347826086957,0.346938775510204,0.543478260869565,0.890417036379769,0.316209476309227,0.142857142857143,0,0.214285714285714
"2395",42,10,0,5,0.444444444444444,0.5,1.44444444444444,1.94444444444444,0.28957528957529,0,0,0.75
"2396",53,13,0,0,0.25,0.307692307692308,0.333333333333333,0.641025641025641,0.353658536585366,0.333333333333333,0,0
"2397",100,22,0,4,0.5,0.571428571428571,0.666666666666667,1.23809523809524,0.309895833333333,0,0,0.111111111111111
"2398",33,10,0,3,0.5,0.444444444444444,0.5,0.944444444444444,0.313274336283186,0,0,0
"2399",95,23,0,2,0.333333333333333,0.347826086956522,0.380952380952381,0.728778467908903,0.324022346368715,0.142857142857143,0,0
"2400",70,20,0,7,0.473684210526316,0.5,0.736842105263158,1.23684210526316,0.310734463276836,0.222222222222222,0,0.111111111111111
"2401",81,18,0,2,0.2,0.294117647058824,0.266666666666667,0.56078431372549,0.335120643431635,0.333333333333333,0,0
"2402",27,9,0,0,0.285714285714286,0.444444444444444,0.428571428571429,0.873015873015873,0.331797235023041,0.5,0,0
"2403",39,14,0,2,0.153846153846154,0.153846153846154,0.384615384615385,0.538461538461539,0.336633663366337,0,0,0.5
"2404",192,49,0,5,0.340909090909091,0.387755102040816,0.386363636363636,0.774118738404453,0.325334821428571,0.133333333333333,0,0
"2405",207,56,0,9,0.333333333333333,0.357142857142857,0.518518518518518,0.875661375661376,0.329700272479564,0,0.111111111111111,0.111111111111111
"2406",64,18,0,1,0.25,0.470588235294118,0.5,0.970588235294118,0.325581395348837,0,0,0.333333333333333
"2407",102,27,0,2,0.28,0.333333333333333,0.36,0.693333333333333,0.308720560152769,0.285714285714286,0,0
"2408",82,25,0,0,0.136363636363636,0.24,0.181818181818182,0.421818181818182,0.331738437001595,0.333333333333333,0,0
"2409",44,12,0,2,0.333333333333333,0.333333333333333,0.583333333333333,0.916666666666667,0.330188679245283,0,0,0.25
"2410",50,11,0,2,0.363636363636364,0.363636363636364,0.454545454545455,0.818181818181818,0.339593114241002,0.25,0,0
"2411",69,15,0,0,0.153846153846154,0.266666666666667,0.230769230769231,0.497435897435897,0.32398316970547,0.5,0,0
"2412",215,51,0,6,0.288888888888889,0.352941176470588,0.488888888888889,0.841830065359477,0.319294809010774,0.230769230769231,0,0.153846153846154
"2413",133,32,0,0,0.142857142857143,0.25,0.142857142857143,0.392857142857143,0.314917127071823,0,0,0
"2414",58,16,0,5,0.416666666666667,0.5,1,1.5,0.348045397225725,0.2,0,0.4
"2415",59,13,0,4,0.454545454545455,0.538461538461538,1,1.53846153846154,0.319303338171263,0,0,0.4
"2416",440,117,0,15,0.287037037037037,0.336206896551724,0.444444444444444,0.780651340996169,0.333793103448276,0.193548387096774,0.032258064516129,0.0967741935483871
"2417",150,41,0,2,0.25,0.317073170731707,0.305555555555556,0.622628726287263,0.299180327868852,0.222222222222222,0,0
"2418",107,30,0,4,0.25,0.4,0.25,0.65,0.341463414634146,0,0,0
"2419",124,30,0,5,0.307692307692308,0.4,0.423076923076923,0.823076923076923,0.362694300518135,0,0,0.125
"2420",417,102,0,13,0.354838709677419,0.401960784313726,0.451612903225806,0.853573687539532,0.379084967320261,0.0909090909090909,0,0.0606060606060606
"2421",407,97,0,7,0.152941176470588,0.257731958762887,0.235294117647059,0.493026076409945,0.312807881773399,0.307692307692308,0,0.0769230769230769
"2422",331,83,1,17,0.3,0.409638554216867,0.442857142857143,0.85249569707401,0.324572930354796,0.238095238095238,0.0476190476190476,0.0476190476190476
"2423",227,62,0,4,0.23728813559322,0.274193548387097,0.372881355932203,0.6470749043193,0.370179948586118,0.142857142857143,0,0.142857142857143
"2424",267,66,0,14,0.360655737704918,0.4,0.573770491803279,0.973770491803279,0.338947368421053,0.181818181818182,0,0.136363636363636
"2425",300,71,0,12,0.285714285714286,0.352112676056338,0.317460317460317,0.669572993516655,0.347619047619048,0.111111111111111,0,0
"2426",157,40,0,3,0.189189189189189,0.225,0.27027027027027,0.49527027027027,0.30635838150289,0,0,0.142857142857143
"2427",18,5,0,1,0.4,0.4,1,1.4,0.368794326241135,0,0,0.5
"2428",61,19,0,3,0.3125,0.368421052631579,0.625,0.993421052631579,0.344800625488663,0.4,0,0.2
"2429",79,21,0,4,0.5,0.666666666666667,1,1.66666666666667,0.312775330396476,0.142857142857143,0,0.285714285714286
"2430",339,84,0,12,0.25,0.321428571428571,0.486842105263158,0.808270676691729,0.349593495934959,0.210526315789474,0.0526315789473684,0.210526315789474
"2431",160,42,0,5,0.235294117647059,0.380952380952381,0.411764705882353,0.792717086834734,0.27831715210356,0.375,0,0.125
"2432",186,48,0,8,0.295454545454545,0.3125,0.590909090909091,0.903409090909091,0.344569288389513,0.307692307692308,0,0.230769230769231
"2433",165,42,0,10,0.264705882352941,0.404761904761905,0.5,0.904761904761905,0.339160839160839,0.222222222222222,0,0.222222222222222
"2434",172,41,0,11,0.305555555555556,0.390243902439024,0.638888888888889,1.02913279132791,0.397260273972603,0.181818181818182,0.181818181818182,0.181818181818182
"2435",182,49,0,11,0.369565217391304,0.408163265306122,0.695652173913043,1.10381543921917,0.308510638297872,0.176470588235294,0,0.235294117647059
"2436",366,100,0,15,0.315789473684211,0.343434343434343,0.431578947368421,0.775013290802764,0.322191780821918,0.166666666666667,0,0.0666666666666667
"2437",117,29,0,2,0.259259259259259,0.310344827586207,0.37037037037037,0.680715197956577,0.326241134751773,0.142857142857143,0.142857142857143,0
"2438",490,136,0,16,0.301587301587302,0.338235294117647,0.444444444444444,0.782679738562091,0.351602895553258,0.236842105263158,0,0.0789473684210526
"2439",158,45,0,9,0.358974358974359,0.431818181818182,0.58974358974359,1.02156177156177,0.361266294227188,0.285714285714286,0.0714285714285714,0.0714285714285714
"2440",449,127,0,8,0.231404958677686,0.267716535433071,0.28099173553719,0.548708270970261,0.31390134529148,0.107142857142857,0,0.0357142857142857
"2441",97,25,0,7,0.4,0.458333333333333,0.55,1.00833333333333,0.299319727891156,0,0,0.125
"2442",135,30,0,3,0.16,0.25,0.4,0.65,0.340956340956341,0,0,0.5
"2443",425,107,0,14,0.306122448979592,0.352380952380952,0.520408163265306,0.872789115646259,0.317269076305221,0.2,0,0.166666666666667
"2444",505,133,0,17,0.292682926829268,0.323076923076923,0.471544715447154,0.794621638524078,0.367387033398821,0.138888888888889,0.0277777777777778,0.138888888888889
"2445",219,52,0,7,0.285714285714286,0.372549019607843,0.380952380952381,0.753501400560224,0.359464627151052,0.0833333333333333,0,0.0833333333333333
"2446",190,48,0,11,0.340909090909091,0.395833333333333,0.795454545454545,1.19128787878788,0.323144104803493,0.333333333333333,0,0.333333333333333
"2447",139,37,0,10,0.464285714285714,0.542857142857143,0.5,1.04285714285714,0.33652312599681,0.0769230769230769,0,0
"2448",86,29,0,2,0.296296296296296,0.310344827586207,0.407407407407407,0.717752234993614,0.306451612903226,0,0,0.125
"2449",128,33,0,3,0.1875,0.212121212121212,0.5,0.712121212121212,0.343598055105348,0.166666666666667,0,0.5
"2450",410,114,0,13,0.207547169811321,0.25,0.349056603773585,0.599056603773585,0.332452081956378,0.136363636363636,0,0.181818181818182
"2451",342,85,0,14,0.293333333333333,0.376470588235294,0.586666666666667,0.963137254901961,0.350710900473934,0.181818181818182,0,0.272727272727273
"2452",13,3,0,0,0,0,0,0,0.349794238683128,0,0,0
"2453",190,52,0,10,0.32,0.346153846153846,0.62,0.966153846153846,0.329545454545455,0.25,0.0625,0.1875
"2454",195,45,0,4,0.263157894736842,0.363636363636364,0.447368421052632,0.811004784688995,0.334146341463415,0.4,0,0.1
"2455",442,117,0,17,0.300970873786408,0.376068376068376,0.388349514563107,0.764417890631483,0.36222005842259,0.0967741935483871,0,0.0645161290322581
"2456",140,32,0,2,0.148148148148148,0.28125,0.148148148148148,0.429398148148148,0.337765957446808,0,0,0
"2457",110,31,0,9,0.481481481481481,0.548387096774194,0.740740740740741,1.28912783751493,0.364963503649635,0.307692307692308,0,0.0769230769230769
"2458",32,8,0,0,0.285714285714286,0.375,0.285714285714286,0.660714285714286,0.397683397683398,0,0,0
"2459",21,7,0,1,0.142857142857143,0.142857142857143,0.571428571428571,0.714285714285714,0.320113314447592,0,0,1
"2460",17,6,0,3,0.5,0.6,0.75,1.35,0.350951374207188,0.5,0,0
"2461",181,49,0,5,0.212765957446809,0.244897959183673,0.404255319148936,0.64915327833261,0.281115879828326,0,0,0.3
"2462",482,122,0,12,0.278846153846154,0.368852459016393,0.394230769230769,0.763083228247163,0.331908831908832,0.103448275862069,0,0.103448275862069
"2463",16,5,0,3,1,1,2,3,0.294117647058824,1,0,0
"2464",12,3,0,0,0,0.666666666666667,0,0.666666666666667,0.325657894736842,0,0,0
"2465",125,31,0,1,0.307692307692308,0.4,0.538461538461538,0.938461538461538,0.317073170731707,0.375,0,0.125
"2466",484,135,0,5,0.168,0.22962962962963,0.248,0.47762962962963,0.330211927057664,0.333333333333333,0,0.0476190476190476
"2467",20,4,0,1,0,0.75,0,0.75,0.293729372937294,0,0,0
"2468",497,121,0,13,0.278846153846154,0.375,0.384615384615385,0.759615384615385,0.316129032258064,0,0.0344827586206897,0.103448275862069
"2469",185,48,0,6,0.261904761904762,0.340425531914894,0.380952380952381,0.721377912867275,0.287190082644628,0.272727272727273,0.0909090909090909,0
"2470",87,21,0,1,0.25,0.428571428571429,0.25,0.678571428571429,0.327586206896552,0,0,0
"2471",389,99,1,8,0.282608695652174,0.309278350515464,0.33695652173913,0.646234872254594,0.301424050632911,0.0769230769230769,0,0.0384615384615385
"2472",108,27,0,3,0.260869565217391,0.346153846153846,0.260869565217391,0.607023411371237,0.350961538461538,0,0,0
"2473",385,101,0,16,0.280898876404494,0.356435643564356,0.49438202247191,0.850817666036267,0.312098991750687,0.16,0,0.2
"2474",108,35,0,6,0.354838709677419,0.411764705882353,0.516129032258065,0.927893738140417,0.3486529318542,0.181818181818182,0,0.0909090909090909
"2475",233,61,0,4,0.240740740740741,0.327868852459016,0.333333333333333,0.66120218579235,0.34125636672326,0.384615384615385,0,0
"2476",119,35,0,6,0.34375,0.4,0.65625,1.05625,0.273858921161826,0.363636363636364,0,0.181818181818182
"2477",112,27,0,1,0.19047619047619,0.333333333333333,0.238095238095238,0.571428571428571,0.333333333333333,0.25,0,0
"2478",128,35,0,9,0.363636363636364,0.4,0.727272727272727,1.12727272727273,0.301801801801802,0.25,0,0.25
"2479",442,103,0,21,0.367816091954023,0.456310679611651,0.655172413793103,1.11148309340475,0.338160136286201,0.21875,0,0.1875
"2480",177,48,0,9,0.461538461538462,0.543478260869565,0.666666666666667,1.21014492753623,0.348127600554785,0.166666666666667,0.0555555555555556,0.0555555555555556
"2481",219,51,1,5,0.214285714285714,0.34,0.380952380952381,0.720952380952381,0.286516853932584,0.444444444444444,0,0.111111111111111
"2482",24,6,0,1,0.666666666666667,0.833333333333333,1,1.83333333333333,0.383886255924171,0.5,0,0
"2483",494,130,0,20,0.279279279279279,0.349206349206349,0.414414414414414,0.763620763620764,0.323069852941176,0.290322580645161,0,0.0645161290322581
"2484",387,87,0,12,0.257142857142857,0.376470588235294,0.414285714285714,0.790756302521008,0.368,0.277777777777778,0,0.111111111111111
"2485",383,94,0,17,0.306666666666667,0.419354838709677,0.506666666666667,0.926021505376344,0.348130841121495,0.260869565217391,0,0.130434782608696
"2486",149,32,0,4,0.227272727272727,0.451612903225806,0.227272727272727,0.678885630498534,0.347058823529412,0,0,0
"2487",156,44,0,6,0.2,0.238095238095238,0.325,0.563095238095238,0.346260387811634,0.625,0,0
"2488",198,53,0,2,0.26,0.288461538461538,0.34,0.628461538461538,0.30561555075594,0.0769230769230769,0,0.0769230769230769
"2489",182,45,0,0,0.170731707317073,0.227272727272727,0.195121951219512,0.422394678492239,0.33125,0.142857142857143,0,0
"2490",122,31,0,6,0.24,0.387096774193548,0.52,0.907096774193548,0.30939226519337,0.166666666666667,0,0.333333333333333
"2491",29,7,0,4,0.5,0.571428571428571,1.25,1.82142857142857,0.351906158357771,0,0,0.5
"2492",117,27,0,3,0.217391304347826,0.333333333333333,0.260869565217391,0.594202898550725,0.33757225433526,0.2,0,0
"2493",202,53,1,5,0.196078431372549,0.211538461538462,0.313725490196078,0.52526395173454,0.321428571428571,0.3,0,0.1
"2494",253,53,0,3,0.175,0.346153846153846,0.3,0.646153846153846,0.284237726098191,0.285714285714286,0,0.142857142857143
"2495",500,120,0,13,0.261261261261261,0.305084745762712,0.324324324324324,0.629409070087036,0.323215289488477,0.0344827586206897,0,0.0689655172413793
"2496",196,52,0,2,0.224489795918367,0.269230769230769,0.346938775510204,0.616169544740973,0.303754266211604,0.272727272727273,0,0.0909090909090909
"2497",161,42,0,5,0.210526315789474,0.261904761904762,0.473684210526316,0.735588972431078,0.33112582781457,0.125,0,0.375
"2498",97,27,1,0,0.0769230769230769,0.111111111111111,0.115384615384615,0.226495726495726,0.323976608187135,0.5,0,0
"2499",277,73,1,8,0.301587301587302,0.388888888888889,0.46031746031746,0.849206349206349,0.322538860103627,0.210526315789474,0,0.105263157894737
"2500",58,11,0,4,0.6,0.636363636363636,0.7,1.33636363636364,0.470588235294118,0.166666666666667,0,0
"2501",287,63,0,8,0.313725490196078,0.419354838709677,0.549019607843137,0.968374446552815,0.2997542997543,0.0625,0.0625,0.1875
"2502",328,78,0,9,0.333333333333333,0.435897435897436,0.53030303030303,0.966200466200466,0.315441176470588,0.181818181818182,0,0.136363636363636
"2503",430,112,0,19,0.265957446808511,0.36697247706422,0.457446808510638,0.824419285574858,0.34070796460177,0.12,0,0.2
"2504",533,140,0,12,0.317829457364341,0.366906474820144,0.410852713178295,0.777759187998438,0.344594594594595,0.146341463414634,0,0.0487804878048781
"2505",359,99,0,14,0.284090909090909,0.357142857142857,0.409090909090909,0.766233766233766,0.336980306345733,0.2,0,0.08
"2506",102,26,1,5,0.291666666666667,0.346153846153846,0.666666666666667,1.01282051282051,0.296718972895863,0.285714285714286,0.285714285714286,0.142857142857143
"2507",75,22,0,4,0.388888888888889,0.5,0.388888888888889,0.888888888888889,0.313703284258211,0,0,0
"2508",172,50,0,9,0.363636363636364,0.408163265306122,0.454545454545455,0.862708719851577,0.303317535545024,0.25,0,0
"2509",67,20,0,5,0.333333333333333,0.4,0.666666666666667,1.06666666666667,0.314220183486239,0.5,0,0.166666666666667
"2510",102,22,0,2,0.142857142857143,0.181818181818182,0.285714285714286,0.467532467532468,0.30952380952381,0,0,0.333333333333333
"2511",185,42,0,3,0.216216216216216,0.30952380952381,0.459459459459459,0.768983268983269,0.25,0.375,0,0.25
"2512",112,28,0,7,0.32,0.392857142857143,0.56,0.952857142857143,0.385964912280702,0.375,0,0.125
"2513",245,57,0,4,0.291666666666667,0.392857142857143,0.479166666666667,0.87202380952381,0.29987293519695,0.0714285714285714,0.0714285714285714,0.142857142857143
"2514",431,111,0,8,0.192307692307692,0.243243243243243,0.355769230769231,0.599012474012474,0.295361127422196,0.3,0.05,0.15
"2515",33,9,0,1,0.375,0.444444444444444,0.5,0.944444444444444,0.363636363636364,0.333333333333333,0,0
"2516",333,86,0,13,0.306666666666667,0.372093023255814,0.466666666666667,0.838759689922481,0.312649164677804,0.260869565217391,0,0.0869565217391304
"2517",205,59,0,8,0.306122448979592,0.423728813559322,0.346938775510204,0.770667589069526,0.343470483005367,0.133333333333333,0,0
"2518",259,65,0,4,0.254545454545455,0.353846153846154,0.363636363636364,0.717482517482517,0.38,0.214285714285714,0,0.0714285714285714
"2519",498,113,0,7,0.166666666666667,0.285714285714286,0.291666666666667,0.577380952380952,0.290633608815427,0.1875,0,0.1875
"2520",34,8,0,0,0.166666666666667,0.25,0.166666666666667,0.416666666666667,0.273972602739726,0,0,0
"2521",36,9,0,2,0.555555555555556,0.555555555555556,0.888888888888889,1.44444444444444,0.319083969465649,0,0,0.2
"2522",342,84,0,17,0.315068493150685,0.397590361445783,0.616438356164384,1.01402871761017,0.312305295950156,0.304347826086957,0,0.217391304347826
"2523",70,15,0,0,0.307692307692308,0.4,0.384615384615385,0.784615384615385,0.333965844402277,0.25,0,0
"2524",188,52,0,4,0.244897959183673,0.274509803921569,0.285714285714286,0.560224089635854,0.323320158102767,0,0.0833333333333333,0
"2525",143,41,0,11,0.473684210526316,0.51219512195122,0.684210526315789,1.19640564826701,0.332167832167832,0.111111111111111,0,0.111111111111111
"2526",55,14,0,0,0.0909090909090909,0.285714285714286,0.0909090909090909,0.376623376623377,0.313953488372093,0,0,0
"2527",480,123,0,22,0.380530973451327,0.40495867768595,0.601769911504425,1.00672858919038,0.320437670965221,0.186046511627907,0.0232558139534884,0.116279069767442
"2528",453,112,0,14,0.26530612244898,0.339285714285714,0.418367346938776,0.75765306122449,0.305204648812532,0.269230769230769,0.0384615384615385,0.0769230769230769
"2529",284,65,0,11,0.315789473684211,0.390625,0.543859649122807,0.934484649122807,0.308529945553539,0.277777777777778,0.0555555555555556,0.111111111111111
"2530",176,42,0,7,0.25,0.333333333333333,0.277777777777778,0.611111111111111,0.269633507853403,0.111111111111111,0,0
"2531",465,122,0,14,0.318965517241379,0.341666666666667,0.53448275862069,0.876149425287356,0.304704595185996,0.216216216216216,0.027027027027027,0.135135135135135
"2532",254,63,0,6,0.206896551724138,0.26984126984127,0.241379310344828,0.511220580186097,0.323436512950095,0.166666666666667,0,0
"2533",27,7,0,0,0,0.142857142857143,0,0.142857142857143,0.324175824175824,0,0,0
"2534",491,123,0,9,0.208333333333333,0.227642276422764,0.316666666666667,0.544308943089431,0.313120176405733,0.16,0,0.12
"2535",186,43,0,6,0.341463414634146,0.372093023255814,0.365853658536585,0.737946681792399,0.32725321888412,0.0714285714285714,0,0
"2536",115,30,0,1,0.241379310344828,0.266666666666667,0.241379310344828,0.508045977011494,0.272727272727273,0,0,0
"2537",165,42,0,6,0.25,0.285714285714286,0.45,0.735714285714286,0.296762589928058,0.2,0,0.2
"2538",177,41,0,8,0.361111111111111,0.425,0.666666666666667,1.09166666666667,0.339350180505415,0.384615384615385,0,0.153846153846154
"2539",129,31,0,2,0.2,0.32258064516129,0.28,0.60258064516129,0.309477756286267,0.4,0,0
"2540",343,88,0,11,0.294871794871795,0.363636363636364,0.474358974358974,0.837995337995338,0.316349809885932,0.0869565217391304,0,0.173913043478261
"2541",40,14,0,2,0.444444444444444,0.461538461538462,0.666666666666667,1.12820512820513,0.322033898305085,0.5,0,0
"2542",228,69,0,10,0.311475409836066,0.373134328358209,0.442622950819672,0.815757279177881,0.316753926701571,0.105263157894737,0,0.105263157894737
"2543",37,13,0,4,0.363636363636364,0.461538461538462,0.636363636363636,1.0979020979021,0.296127562642369,0,0,0.25
"2544",401,109,0,11,0.278350515463918,0.351851851851852,0.371134020618557,0.722985872470409,0.3184421534937,0.222222222222222,0,0.037037037037037
"2545",216,57,0,6,0.169811320754717,0.228070175438596,0.339622641509434,0.56769281694803,0.269598470363289,0.333333333333333,0,0.222222222222222
"2546",126,31,0,1,0.107142857142857,0.161290322580645,0.214285714285714,0.375576036866359,0.268382352941176,0,0,0.333333333333333
"2547",229,55,0,6,0.24,0.309090909090909,0.44,0.749090909090909,0.354098360655738,0.0833333333333333,0,0.25
"2548",201,47,0,6,0.348837209302326,0.404255319148936,0.488372093023256,0.892627412172192,0.35191637630662,0.2,0,0.0666666666666667
"2549",83,23,0,7,0.4,0.478260869565217,0.75,1.22826086956522,0.351145038167939,0.125,0,0.25
"2550",511,127,0,20,0.293103448275862,0.338709677419355,0.448275862068966,0.78698553948832,0.343434343434343,0.294117647058824,0.0294117647058824,0.0588235294117647
"2551",204,48,0,6,0.268292682926829,0.375,0.463414634146341,0.838414634146341,0.303448275862069,0.454545454545455,0,0.0909090909090909
"2552",442,102,0,16,0.333333333333333,0.392156862745098,0.422222222222222,0.81437908496732,0.342749529190207,0.1,0.0333333333333333,0.0333333333333333
"2553",368,103,0,17,0.315789473684211,0.352941176470588,0.463157894736842,0.81609907120743,0.316209476309227,0.166666666666667,0,0.1
"2554",189,46,0,8,0.317073170731707,0.369565217391304,0.658536585365854,1.02810180275716,0.365358592692828,0.384615384615385,0,0.230769230769231
"2555",177,40,0,9,0.294117647058824,0.4,0.558823529411765,0.958823529411765,0.353658536585366,0,0,0.3
"2556",340,86,0,10,0.30952380952381,0.325581395348837,0.523809523809524,0.849390919158361,0.309895833333333,0.115384615384615,0,0.192307692307692
"2557",193,40,0,2,0.228571428571429,0.325,0.342857142857143,0.667857142857143,0.335380835380835,0.5,0,0
"2558",130,32,0,5,0.3,0.34375,0.666666666666667,1.01041666666667,0.313274336283186,0.222222222222222,0,0.333333333333333
"2559",85,24,0,3,0.318181818181818,0.375,0.409090909090909,0.784090909090909,0.327800829875519,0,0.142857142857143,0
"2560",485,136,0,17,0.28099173553719,0.335820895522388,0.528925619834711,0.864746515357099,0.324022346368715,0.294117647058824,0.0294117647058824,0.176470588235294
"2561",396,112,0,20,0.320388349514563,0.369369369369369,0.563106796116505,0.932476165485874,0.310734463276836,0.303030303030303,0,0.151515151515152
"2562",141,36,0,5,0.225806451612903,0.333333333333333,0.290322580645161,0.623655913978495,0.335120643431635,0.285714285714286,0,0
"2563",176,47,0,11,0.261904761904762,0.340425531914894,0.452380952380952,0.792806484295846,0.312101910828025,0.181818181818182,0,0.181818181818182
"2564",17,6,0,5,0.8,0.833333333333333,1.2,2.03333333333333,0.331797235023041,0.5,0,0
"2565",94,26,0,5,0.52,0.538461538461538,0.68,1.21846153846154,0.336633663366337,0.0769230769230769,0,0.0769230769230769
"2566",384,110,0,12,0.25,0.333333333333333,0.28125,0.614583333333333,0.325334821428571,0.125,0,0
"2567",497,136,0,13,0.238095238095238,0.26865671641791,0.293650793650794,0.562307510068704,0.329700272479564,0.133333333333333,0,0.0333333333333333
"2568",200,54,0,7,0.311111111111111,0.388888888888889,0.422222222222222,0.811111111111111,0.325581395348837,0.357142857142857,0,0
"2569",491,134,0,14,0.26271186440678,0.340909090909091,0.372881355932203,0.713790446841294,0.308720560152769,0.129032258064516,0,0.0967741935483871
"2570",169,37,0,13,0.419354838709677,0.5,0.67741935483871,1.17741935483871,0.331738437001595,0.384615384615385,0,0.0769230769230769
"2571",92,31,0,4,0.259259259259259,0.333333333333333,0.62962962962963,0.962962962962963,0.330188679245283,0.142857142857143,0,0.428571428571429
"2572",169,37,0,1,0.216216216216216,0.216216216216216,0.243243243243243,0.459459459459459,0.339593114241002,0.125,0,0
"2573",136,31,0,0,0.172413793103448,0.225806451612903,0.206896551724138,0.432703003337041,0.32398316970547,0.2,0,0
"2574",236,59,0,5,0.236363636363636,0.288135593220339,0.418181818181818,0.706317411402157,0.319294809010774,0.0769230769230769,0,0.230769230769231
"2575",92,25,0,2,0.157894736842105,0.36,0.157894736842105,0.517894736842105,0.314917127071823,0,0,0
"2576",362,91,0,12,0.265060240963855,0.32967032967033,0.518072289156627,0.847742618826956,0.348045397225725,0.272727272727273,0,0.227272727272727
"2577",70,17,0,1,0.285714285714286,0.352941176470588,0.357142857142857,0.710084033613445,0.319303338171263,0.25,0,0
"2578",441,118,0,16,0.304761904761905,0.38135593220339,0.466666666666667,0.848022598870056,0.333793103448276,0.25,0,0.09375
"2579",123,33,0,1,0.3,0.363636363636364,0.466666666666667,0.83030303030303,0.299180327868852,0.222222222222222,0,0.111111111111111
"2580",118,24,1,4,0.238095238095238,0.304347826086957,0.666666666666667,0.971014492753623,0.362694300518135,0,0,0.6
"2581",503,125,0,14,0.298245614035088,0.36,0.368421052631579,0.728421052631579,0.379084967320261,0.147058823529412,0,0.0294117647058824
"2582",657,154,0,19,0.255172413793103,0.292207792207792,0.379310344827586,0.671518137035378,0.312807881773399,0.162162162162162,0,0.108108108108108
"2583",440,118,0,16,0.285714285714286,0.313559322033898,0.517857142857143,0.831416464891041,0.324572930354796,0.21875,0.0625,0.15625
"2584",229,68,0,6,0.333333333333333,0.353846153846154,0.396825396825397,0.750671550671551,0.370179948586118,0.0476190476190476,0,0.0476190476190476
"2585",196,48,0,6,0.292682926829268,0.375,0.439024390243902,0.814024390243902,0.347619047619048,0.0833333333333333,0.0833333333333333,0.0833333333333333
"2586",196,48,0,2,0.19047619047619,0.25531914893617,0.238095238095238,0.493414387031408,0.30635838150289,0.25,0,0
"2587",170,43,0,1,0.166666666666667,0.186046511627907,0.214285714285714,0.400332225913621,0.344800625488663,0.285714285714286,0,0
"2588",61,19,0,3,0.368421052631579,0.368421052631579,0.421052631578947,0.789473684210526,0.312775330396476,0.142857142857143,0,0
"2589",83,21,0,2,0.263157894736842,0.333333333333333,0.368421052631579,0.701754385964912,0.363321799307958,0.4,0,0
"2590",62,18,0,3,0.4,0.5,0.466666666666667,0.966666666666667,0.363534675615213,0.166666666666667,0,0
"2591",421,112,0,20,0.257731958762887,0.348214285714286,0.381443298969072,0.729657584683358,0.349593495934959,0.08,0.08,0.08
"2592",302,71,0,3,0.111111111111111,0.211267605633803,0.206349206349206,0.417616811983009,0.27831715210356,0,0,0.285714285714286
"2593",483,126,0,21,0.336363636363636,0.4,0.518181818181818,0.918181818181818,0.344569288389513,0.135135135135135,0,0.135135135135135
"2594",92,23,0,4,0.4375,0.608695652173913,0.6875,1.29619565217391,0.339160839160839,0,0.285714285714286,0
"2595",194,58,0,5,0.218181818181818,0.258620689655172,0.381818181818182,0.640438871473354,0.301980198019802,0.25,0,0.166666666666667
"2596",65,17,0,1,0.25,0.294117647058824,0.4375,0.731617647058824,0.308510638297872,0,0,0.25
"2597",581,158,1,15,0.275167785234899,0.299363057324841,0.409395973154362,0.708759030479203,0.322191780821918,0.195121951219512,0,0.0975609756097561
"2598",250,54,0,8,0.24390243902439,0.384615384615385,0.48780487804878,0.872420262664165,0.326241134751773,0.4,0,0.2
"2599",494,135,0,24,0.363636363636364,0.377777777777778,0.606060606060606,0.983838383838384,0.351602895553258,0.125,0.0208333333333333,0.166666666666667
"2600",48,13,0,3,0.307692307692308,0.307692307692308,0.384615384615385,0.692307692307692,0.295454545454545,0.25,0,0
"2601",73,19,0,9,0.470588235294118,0.526315789473684,1,1.52631578947368,0.361266294227188,0.125,0.125,0.25
"2602",500,130,0,11,0.285714285714286,0.3359375,0.378151260504202,0.714088760504202,0.31390134529148,0.147058823529412,0,0.0588235294117647
"2603",226,56,0,4,0.204545454545455,0.345454545454545,0.340909090909091,0.686363636363636,0.340956340956341,0.333333333333333,0,0.111111111111111
"2604",50,13,0,4,0.454545454545455,0.538461538461538,0.727272727272727,1.26573426573427,0.368421052631579,0,0,0.2
"2605",493,138,0,25,0.3515625,0.372262773722628,0.515625,0.887887773722628,0.317269076305221,0.155555555555556,0.0222222222222222,0.0888888888888889
"2606",510,140,0,15,0.26984126984127,0.318840579710145,0.380952380952381,0.699792960662526,0.367387033398821,0.176470588235294,0.0294117647058824,0.0588235294117647
"2607",148,37,0,2,0.277777777777778,0.297297297297297,0.444444444444444,0.741741741741742,0.359464627151052,0.3,0,0.1
"2608",209,51,0,3,0.285714285714286,0.372549019607843,0.380952380952381,0.753501400560224,0.323144104803493,0.0833333333333333,0,0.0833333333333333
"2609",80,21,0,1,0.2,0.238095238095238,0.2,0.438095238095238,0.33652312599681,0,0,0
"2610",450,121,0,28,0.351851851851852,0.408333333333333,0.555555555555556,0.963888888888889,0.306451612903226,0.263157894736842,0,0.105263157894737
"2611",128,31,0,1,0.275862068965517,0.290322580645161,0.344827586206897,0.635150166852058,0.343598055105348,0.25,0,0
"2612",169,48,0,8,0.377777777777778,0.395833333333333,0.577777777777778,0.973611111111111,0.332452081956378,0.176470588235294,0,0.117647058823529
"2613",54,14,0,4,0.416666666666667,0.5,0.666666666666667,1.16666666666667,0.350710900473934,0.6,0,0
"2614",168,43,0,4,0.194444444444444,0.25,0.25,0.5,0.349794238683128,0.285714285714286,0,0
"2615",22,5,0,1,0.4,0.4,0.6,1,0.454545454545455,0.5,0,0
"2616",49,15,0,2,0.333333333333333,0.357142857142857,0.416666666666667,0.773809523809524,0.329545454545455,0.25,0,0
"2617",121,33,0,5,0.28125,0.303030303030303,0.46875,0.771780303030303,0.334146341463415,0.333333333333333,0,0.111111111111111
"2618",492,137,0,11,0.344,0.392592592592593,0.448,0.840592592592593,0.36222005842259,0.0930232558139535,0,0.0697674418604651
"2619",126,38,0,7,0.388888888888889,0.421052631578947,0.75,1.17105263157895,0.364963503649635,0.0714285714285714,0,0.285714285714286
"2620",29,6,0,1,0.333333333333333,0.333333333333333,0.333333333333333,0.666666666666667,0.397683397683398,0,0,0
"2621",194,52,0,3,0.208333333333333,0.25,0.333333333333333,0.583333333333333,0.320113314447592,0.1,0.1,0.1
"2622",68,16,0,2,0.230769230769231,0.375,0.384615384615385,0.759615384615385,0.350951374207188,0.666666666666667,0,0
"2623",181,50,0,10,0.347826086956522,0.387755102040816,0.608695652173913,0.996450754214729,0.281115879828326,0.1875,0,0.1875
"2624",468,124,0,13,0.272727272727273,0.333333333333333,0.454545454545455,0.787878787878788,0.331908831908832,0.166666666666667,0,0.166666666666667
"2625",100,29,0,4,0.28,0.379310344827586,0.56,0.939310344827586,0.317073170731707,0.142857142857143,0,0.285714285714286
"2626",630,180,0,15,0.252873563218391,0.273743016759777,0.362068965517241,0.635811982277018,0.330211927057664,0.295454545454545,0,0.0454545454545455
"2627",435,104,0,24,0.333333333333333,0.394230769230769,0.548387096774194,0.942617866004963,0.316129032258064,0.290322580645161,0.032258064516129,0.0967741935483871
"2628",159,46,0,8,0.268292682926829,0.347826086956522,0.51219512195122,0.860021208907741,0.287190082644628,0.363636363636364,0,0.181818181818182
"2629",25,7,0,0,0.142857142857143,0.142857142857143,0.142857142857143,0.285714285714286,0.258064516129032,0,0,0
"2630",492,130,0,16,0.284552845528455,0.317829457364341,0.398373983739837,0.716203441104178,0.301424050632911,0.0285714285714286,0.0571428571428571,0.0857142857142857
"2631",151,43,0,9,0.333333333333333,0.357142857142857,0.58974358974359,0.946886446886447,0.350961538461538,0.307692307692308,0,0.153846153846154
"2632",487,131,0,18,0.291666666666667,0.343511450381679,0.483333333333333,0.826844783715013,0.312098991750687,0.114285714285714,0.0571428571428571,0.142857142857143
"2633",124,33,0,12,0.384615384615385,0.483870967741935,0.576923076923077,1.06079404466501,0.3486529318542,0,0.1,0.1
"2634",174,44,0,3,0.256410256410256,0.340909090909091,0.333333333333333,0.674242424242424,0.34125636672326,0.3,0,0
"2635",113,27,0,5,0.2,0.259259259259259,0.36,0.619259259259259,0.273858921161826,0.2,0,0.2
"2636",71,20,0,3,0.352941176470588,0.45,0.647058823529412,1.09705882352941,0.333333333333333,0.333333333333333,0,0.166666666666667
"2637",77,21,0,5,0.352941176470588,0.476190476190476,0.411764705882353,0.887955182072829,0.301801801801802,0.166666666666667,0,0
"2638",441,112,0,16,0.305263157894737,0.405405405405405,0.536842105263158,0.942247510668563,0.338160136286201,0.172413793103448,0.0344827586206897,0.172413793103448
"2639",28,7,0,2,0.2,0.428571428571429,0.4,0.828571428571429,0.473684210526316,1,0,0
"2640",98,25,0,4,0.238095238095238,0.333333333333333,0.380952380952381,0.714285714285714,0.286516853932584,0,0,0.2
"2641",531,137,1,13,0.291666666666667,0.350746268656716,0.433333333333333,0.78407960199005,0.323069852941176,0.142857142857143,0,0.114285714285714
"2642",229,52,0,7,0.276595744680851,0.346153846153846,0.361702127659574,0.707855973813421,0.368,0.307692307692308,0,0
"2643",512,130,1,9,0.252173913043478,0.3125,0.365217391304348,0.677717391304348,0.348130841121495,0.344827586206897,0,0.0344827586206897
"2644",109,27,0,4,0.304347826086957,0.37037037037037,0.521739130434783,0.892109500805153,0.327510917030568,0.285714285714286,0,0.142857142857143
"2645",108,32,0,11,0.366666666666667,0.387096774193548,0.5,0.887096774193548,0.346260387811634,0.363636363636364,0,0
"2646",179,45,0,4,0.179487179487179,0.266666666666667,0.282051282051282,0.548717948717949,0.364928909952607,0.142857142857143,0,0.142857142857143
"2647",482,121,0,20,0.297297297297297,0.35,0.414414414414414,0.764414414414414,0.30561555075594,0.242424242424242,0.0303030303030303,0.0303030303030303
"2648",154,40,0,8,0.351351351351351,0.384615384615385,0.432432432432432,0.817047817047817,0.33125,0.230769230769231,0,0
"2649",17,5,0,5,0.666666666666667,0.8,0.666666666666667,1.46666666666667,0.289473684210526,0,0,0
"2650",114,38,0,8,0.34375,0.416666666666667,0.5625,0.979166666666667,0.30939226519337,0.363636363636364,0,0.0909090909090909
"2651",189,51,0,6,0.292682926829268,0.38,0.414634146341463,0.794634146341463,0.351906158357771,0,0.0833333333333333,0.0833333333333333
"2652",181,46,0,2,0.232558139534884,0.282608695652174,0.302325581395349,0.584934277047523,0.321428571428571,0,0,0.1
"2653",246,58,0,3,0.24,0.327586206896552,0.3,0.627586206896552,0.284237726098191,0.25,0,0
"2654",438,107,0,14,0.288461538461538,0.308411214953271,0.365384615384615,0.673795830337886,0.323215289488477,0.166666666666667,0,0.0333333333333333
"2655",185,46,0,15,0.45,0.5,0.725,1.225,0.303754266211604,0.166666666666667,0.0555555555555556,0.111111111111111
"2656",223,50,0,8,0.3,0.44,0.425,0.865,0.33112582781457,0.25,0.0833333333333333,0
"2657",133,41,0,7,0.378378378378378,0.414634146341463,0.540540540540541,0.955174686882004,0.323976608187135,0.214285714285714,0,0.0714285714285714
"2658",192,56,0,8,0.372549019607843,0.428571428571429,0.470588235294118,0.899159663865546,0.284069097888676,0.105263157894737,0,0.0526315789473684
"2659",219,58,0,16,0.387755102040816,0.456140350877193,0.693877551020408,1.1500179018976,0.322538860103627,0.157894736842105,0,0.210526315789474
"2660",40,9,0,2,0.571428571428571,0.666666666666667,0.714285714285714,1.38095238095238,0.470588235294118,0.25,0,0
"2661",41,10,0,2,0.166666666666667,0.4,0.166666666666667,0.566666666666667,0.305587229190422,0,0,0
"2662",163,43,0,2,0.162162162162162,0.261904761904762,0.216216216216216,0.478120978120978,0.2997542997543,0.333333333333333,0,0
"2663",13,3,0,0,0,0,0,0,0.310185185185185,0,0,0
"2664",437,117,1,14,0.311926605504587,0.327586206896552,0.431192660550459,0.75877886744701,0.315441176470588,0.235294117647059,0.0294117647058824,0.0294117647058824
"2665",448,106,0,12,0.242105263157895,0.304761904761905,0.378947368421053,0.683709273182957,0.304713804713805,0.304347826086957,0,0.0869565217391304
"2666",345,84,0,15,0.367647058823529,0.433734939759036,0.602941176470588,1.03667611622962,0.34070796460177,0.08,0.04,0.16
"2667",229,64,0,12,0.283333333333333,0.328125,0.333333333333333,0.661458333333333,0.344594594594595,0.176470588235294,0,0
"2668",204,61,1,14,0.421052631578947,0.459016393442623,0.701754385964912,1.16077077940754,0.336980306345733,0.166666666666667,0,0.166666666666667
"2669",90,26,0,16,0.666666666666667,0.692307692307692,1.33333333333333,2.02564102564103,0.296718972895863,0.125,0.0625,0.25
"2670",203,54,0,3,0.235294117647059,0.277777777777778,0.254901960784314,0.532679738562091,0.313703284258211,0.0833333333333333,0,0
"2671",255,68,0,17,0.379310344827586,0.426470588235294,0.637931034482759,1.06440162271805,0.303317535545024,0.181818181818182,0.0454545454545455,0.136363636363636
"2672",95,20,0,6,0.352941176470588,0.45,0.705882352941177,1.15588235294118,0.30952380952381,0.166666666666667,0.166666666666667,0.166666666666667
"2673",8,2,0,0,0,0.5,0,0.5,0.356363636363636,0,0,0
"2674",151,33,0,5,0.16,0.363636363636364,0.28,0.643636363636364,0.25,0,0,0.25
"2675",83,20,1,2,0.333333333333333,0.4,0.611111111111111,1.01111111111111,0.385964912280702,0.333333333333333,0,0.166666666666667
"2676",191,48,0,5,0.243243243243243,0.404255319148936,0.27027027027027,0.674525589419206,0.29987293519695,0.111111111111111,0,0
"2677",494,132,0,10,0.204918032786885,0.251908396946565,0.377049180327869,0.628957577274434,0.295361127422196,0.28,0.04,0.16
"2678",352,92,0,15,0.256410256410256,0.358695652173913,0.5,0.858695652173913,0.312649164677804,0.3,0.1,0.15
"2679",182,52,0,2,0.18,0.211538461538462,0.28,0.491538461538462,0.343470483005367,0.222222222222222,0,0.111111111111111
"2680",17,4,0,2,0.5,0.75,0.5,1.25,0.466666666666667,0,0,0
"2681",152,37,0,7,0.419354838709677,0.459459459459459,0.709677419354839,1.1691368788143,0.38,0.230769230769231,0,0.153846153846154
"2682",493,111,0,15,0.230769230769231,0.36036036036036,0.351648351648352,0.712008712008712,0.290633608815427,0.0952380952380952,0,0.142857142857143
"2683",154,42,0,7,0.323529411764706,0.428571428571429,0.529411764705882,0.957983193277311,0.321428571428571,0.0909090909090909,0,0.181818181818182
"2684",159,45,0,3,0.24390243902439,0.288888888888889,0.317073170731707,0.605962059620596,0.319083969465649,0,0,0.1
"2685",238,61,0,15,0.346153846153846,0.442622950819672,0.519230769230769,0.961853720050441,0.312305295950156,0.166666666666667,0,0.111111111111111
"2686",57,17,0,6,0.375,0.411764705882353,0.8125,1.22426470588235,0.333965844402277,0.166666666666667,0,0.333333333333333
"2687",327,82,0,3,0.217948717948718,0.25609756097561,0.307692307692308,0.563789868667917,0.323320158102767,0.0588235294117647,0,0.117647058823529
"2688",183,48,0,3,0.155555555555556,0.208333333333333,0.155555555555556,0.363888888888889,0.332167832167832,0,0,0
"2689",7,3,0,0,0,0.333333333333333,0,0.333333333333333,0.313953488372093,0,0,0
"2690",288,75,0,12,0.319444444444444,0.337837837837838,0.527777777777778,0.865615615615616,0.320437670965221,0.260869565217391,0,0.130434782608696
"2691",356,94,0,10,0.265060240963855,0.333333333333333,0.349397590361446,0.682730923694779,0.305204648812532,0.181818181818182,0,0.0454545454545455
"2692",186,42,0,0,0.146341463414634,0.166666666666667,0.219512195121951,0.386178861788618,0.308529945553539,0.166666666666667,0.166666666666667,0
"2693",34,7,0,0,0,0.428571428571429,0,0.428571428571429,0.269633507853403,0,0,0
"2694",391,102,0,14,0.276595744680851,0.333333333333333,0.372340425531915,0.705673758865248,0.304704595185996,0.230769230769231,0,0.0384615384615385
"2695",156,40,0,4,0.176470588235294,0.3,0.205882352941176,0.505882352941176,0.297872340425532,0.166666666666667,0,0
"2696",20,5,0,1,0.2,0.2,0.8,1,0,0,0,1
"2697",468,126,0,19,0.31304347826087,0.373015873015873,0.573913043478261,0.946928916494134,0.323436512950095,0.277777777777778,0.0277777777777778,0.166666666666667
"2698",55,15,0,5,0.333333333333333,0.466666666666667,0.666666666666667,1.13333333333333,0.324175824175824,0.25,0,0.25
"2699",21,5,0,1,0.4,0.4,0.6,1,0.354838709677419,0.5,0,0
"2700",41,11,0,5,0.6,0.545454545454545,0.8,1.34545454545455,0.395061728395062,0.333333333333333,0,0
"2701",402,110,0,14,0.254716981132075,0.275229357798165,0.415094339622642,0.690323697420807,0.313120176405733,0.111111111111111,0.037037037037037,0.148148148148148
"2702",48,15,0,2,0.333333333333333,0.4,0.5,0.9,0.358730158730159,0.5,0,0
"2703",98,21,0,5,0.388888888888889,0.476190476190476,0.666666666666667,1.14285714285714,0.32725321888412,0,0.142857142857143,0.142857142857143
"2704",169,50,0,9,0.285714285714286,0.354166666666667,0.380952380952381,0.735119047619048,0.272727272727273,0.0833333333333333,0,0.0833333333333333
"2705",113,34,0,9,0.3,0.363636363636364,0.7,1.06363636363636,0.296762589928058,0.333333333333333,0,0.333333333333333
"2706",47,11,0,1,0.2,0.272727272727273,0.5,0.772727272727273,0.309477756286267,0,0,0.5
"2707",343,97,0,5,0.204301075268817,0.229166666666667,0.311827956989247,0.540994623655914,0.316349809885932,0.263157894736842,0.0526315789473684,0.0526315789473684
"2708",81,19,0,9,0.466666666666667,0.578947368421053,0.933333333333333,1.51228070175439,0.322033898305085,0.142857142857143,0,0.285714285714286
"2709",240,67,0,10,0.290322580645161,0.328358208955224,0.451612903225806,0.77997111218103,0.316753926701571,0.388888888888889,0,0.0555555555555556
"2710",167,40,0,14,0.441176470588235,0.525,0.882352941176471,1.40735294117647,0.3184421534937,0.266666666666667,0.0666666666666667,0.2
"2711",198,50,0,5,0.19047619047619,0.3,0.380952380952381,0.680952380952381,0.269598470363289,0.625,0,0.125
"2712",89,24,0,4,0.318181818181818,0.375,0.590909090909091,0.965909090909091,0.268382352941176,0.142857142857143,0.142857142857143,0.142857142857143
"2713",220,57,0,3,0.226415094339623,0.267857142857143,0.30188679245283,0.569743935309973,0.354098360655738,0.0833333333333333,0,0.0833333333333333
"2714",163,50,0,6,0.333333333333333,0.428571428571429,0.5,0.928571428571429,0.35191637630662,0.142857142857143,0.0714285714285714,0.0714285714285714
"2715",16,4,0,0,0.25,0.25,0.25,0.5,0.383458646616541,0,0,0
"2716",543,133,0,10,0.233333333333333,0.300751879699248,0.341666666666667,0.642418546365915,0.343434343434343,0.285714285714286,0.0357142857142857,0.0357142857142857
"2717",82,20,0,2,0.421052631578947,0.45,0.473684210526316,0.923684210526316,0.321070234113712,0.125,0,0
"2718",610,150,0,15,0.282608695652174,0.328859060402685,0.405797101449275,0.73465616185196,0.342749529190207,0.282051282051282,0,0.0512820512820513
"2719",198,49,0,6,0.380952380952381,0.458333333333333,0.5,0.958333333333333,0.326170376055257,0.3125,0,0
"2720",474,126,0,26,0.376146788990826,0.420634920634921,0.605504587155963,1.02613950779088,0.316209476309227,0.24390243902439,0,0.121951219512195
"2721",335,91,0,16,0.325301204819277,0.373626373626374,0.469879518072289,0.843505891698663,0.365358592692828,0.259259259259259,0.037037037037037,0.037037037037037
"2722",248,65,0,9,0.327868852459016,0.353846153846154,0.557377049180328,0.911223203026482,0.353658536585366,0.4,0,0.1
"2723",254,69,0,4,0.265625,0.298507462686567,0.375,0.673507462686567,0.309895833333333,0.235294117647059,0,0.0588235294117647
"2724",199,55,0,6,0.311111111111111,0.407407407407407,0.555555555555556,0.962962962962963,0.335380835380835,0.357142857142857,0,0.142857142857143
"2725",85,20,0,2,0.210526315789474,0.25,0.421052631578947,0.671052631578947,0.313274336283186,0.25,0,0.25
"2726",40,10,0,0,0.166666666666667,0.333333333333333,0.166666666666667,0.5,0.267123287671233,0,0,0
"2727",186,48,0,5,0.272727272727273,0.333333333333333,0.568181818181818,0.901515151515152,0.327800829875519,0.333333333333333,0,0.25
"2728",504,137,0,19,0.322033898305085,0.411764705882353,0.474576271186441,0.886340977068794,0.324022346368715,0.184210526315789,0.0263157894736842,0.0789473684210526
"2729",404,105,0,17,0.28,0.307692307692308,0.57,0.877692307692308,0.310734463276836,0.107142857142857,0.0357142857142857,0.285714285714286
"2730",100,24,0,4,0.260869565217391,0.291666666666667,0.521739130434783,0.813405797101449,0.335120643431635,0.166666666666667,0.166666666666667,0.166666666666667
"2731",137,36,0,7,0.266666666666667,0.388888888888889,0.5,0.888888888888889,0.312101910828025,0.125,0,0.25
"2732",484,130,0,11,0.247863247863248,0.315384615384615,0.376068376068376,0.691452991452991,0.325334821428571,0.206896551724138,0,0.103448275862069
"2733",535,140,0,15,0.286821705426357,0.342857142857143,0.410852713178295,0.753709856035437,0.329700272479564,0.0540540540540541,0.027027027027027,0.108108108108108
"2734",119,32,0,6,0.333333333333333,0.375,0.666666666666667,1.04166666666667,0.325581395348837,0.1,0,0.3
"2735",519,132,0,14,0.264957264957265,0.343511450381679,0.401709401709402,0.745220852091081,0.308720560152769,0.161290322580645,0.032258064516129,0.0967741935483871
"2736",159,38,0,8,0.387096774193548,0.486486486486487,0.612903225806452,1.09938971229294,0.331738437001595,0.0833333333333333,0,0.166666666666667
"2737",55,16,0,0,0.0714285714285714,0.1875,0.0714285714285714,0.258928571428571,0.333333333333333,0,0,0
"2738",102,32,0,6,0.3,0.32258064516129,0.366666666666667,0.689247311827957,0.330188679245283,0.222222222222222,0,0
"2739",194,44,0,3,0.236842105263158,0.340909090909091,0.368421052631579,0.70933014354067,0.339593114241002,0.222222222222222,0,0.111111111111111
"2740",131,37,0,3,0.285714285714286,0.324324324324324,0.285714285714286,0.61003861003861,0.32398316970547,0,0,0
"2741",235,57,0,3,0.240740740740741,0.280701754385965,0.37037037037037,0.651072124756335,0.319294809010774,0.153846153846154,0.0769230769230769,0.0769230769230769
"2742",137,36,0,5,0.290322580645161,0.388888888888889,0.580645161290323,0.969534050179212,0.314917127071823,0.333333333333333,0,0.222222222222222
"2743",483,130,0,19,0.313559322033898,0.376923076923077,0.423728813559322,0.800651890482399,0.348045397225725,0.108108108108108,0,0.0810810810810811
"2744",199,42,0,6,0.297297297297297,0.380952380952381,0.513513513513513,0.894465894465894,0.319303338171263,0.181818181818182,0,0.181818181818182
"2745",466,128,0,22,0.321739130434783,0.377952755905512,0.556521739130435,0.934474495035947,0.333793103448276,0.243243243243243,0,0.162162162162162
"2746",174,44,0,4,0.275,0.325581395348837,0.4,0.725581395348837,0.299180327868852,0.181818181818182,0,0.0909090909090909
"2747",588,141,1,22,0.333333333333333,0.392857142857143,0.5,0.892857142857143,0.379084967320261,0.142857142857143,0,0.119047619047619
"2748",534,122,0,9,0.201834862385321,0.286885245901639,0.275229357798165,0.562114603699804,0.312807881773399,0.227272727272727,0,0.0454545454545455
"2749",99,28,0,7,0.5,0.5,0.692307692307692,1.19230769230769,0.324572930354796,0.230769230769231,0.0769230769230769,0
"2750",121,34,1,12,0.461538461538462,0.529411764705882,0.538461538461538,1.06787330316742,0.370179948586118,0.166666666666667,0,0
"2751",397,95,0,5,0.172413793103448,0.242105263157895,0.264367816091954,0.506473079249849,0.338947368421053,0.133333333333333,0,0.133333333333333
"2752",187,51,0,3,0.302325581395349,0.411764705882353,0.418604651162791,0.830369357045144,0.347619047619048,0.153846153846154,0,0.0769230769230769
"2753",71,17,0,5,0.357142857142857,0.411764705882353,0.928571428571429,1.34033613445378,0.304744525547445,0.4,0,0.4
"2754",134,33,0,2,0.25,0.272727272727273,0.25,0.522727272727273,0.30635838150289,0,0,0
"2755",211,53,0,1,0.2,0.307692307692308,0.311111111111111,0.618803418803419,0.344800625488663,0,0.111111111111111,0.111111111111111
"2756",171,46,0,3,0.24390243902439,0.266666666666667,0.365853658536585,0.632520325203252,0.312775330396476,0.2,0,0.1
"2757",22,6,0,2,0.4,0.5,0.8,1.3,0.363321799307958,1,0,0
"2758",126,34,0,7,0.4,0.470588235294118,0.533333333333333,1.00392156862745,0.363534675615213,0.333333333333333,0,0
"2759",191,46,0,4,0.263157894736842,0.347826086956522,0.263157894736842,0.610983981693364,0.349593495934959,0,0,0
"2760",212,51,0,7,0.358974358974359,0.489795918367347,0.58974358974359,1.07953950811094,0.27831715210356,0.214285714285714,0,0.142857142857143
"2761",260,71,0,7,0.353846153846154,0.408450704225352,0.476923076923077,0.885373781148429,0.344569288389513,0.0869565217391304,0,0.0869565217391304
"2762",92,18,0,5,0.5,0.529411764705882,0.571428571428571,1.10084033613445,0.339160839160839,0.142857142857143,0,0
"2763",140,39,0,4,0.290322580645161,0.41025641025641,0.483870967741935,0.894127377998346,0.301980198019802,0,0,0.222222222222222
"2764",116,39,0,3,0.222222222222222,0.282051282051282,0.361111111111111,0.643162393162393,0.308510638297872,0.25,0,0.125
"2765",359,102,0,16,0.311827956989247,0.362745098039216,0.505376344086022,0.868121442125237,0.322191780821918,0.103448275862069,0,0.172413793103448
"2766",123,27,0,1,0.217391304347826,0.333333333333333,0.260869565217391,0.594202898550725,0.326241134751773,0.2,0,0
"2767",386,105,0,23,0.351063829787234,0.39047619047619,0.521276595744681,0.911752786220871,0.351602895553258,0.121212121212121,0,0.121212121212121
"2768",96,20,0,5,0.1875,0.35,0.1875,0.5375,0.341836734693878,0,0,0
"2769",83,21,0,8,0.388888888888889,0.428571428571429,0.5,0.928571428571429,0.295454545454545,0,0.142857142857143,0
"2770",343,94,0,18,0.36046511627907,0.395604395604396,0.616279069767442,1.01188346537184,0.355263157894737,0.129032258064516,0,0.193548387096774
"2771",11,4,0,0,0.333333333333333,0.5,0.333333333333333,0.833333333333333,0.361266294227188,0,0,0
"2772",512,140,0,16,0.275590551181102,0.316176470588235,0.385826771653543,0.702003242241779,0.31390134529148,0.142857142857143,0,0.0857142857142857
"2773",77,14,0,2,0.153846153846154,0.214285714285714,0.384615384615385,0.598901098901099,0.340956340956341,0,0,0.5
"2774",550,138,0,10,0.261904761904762,0.321167883211679,0.396825396825397,0.717993280037076,0.317269076305221,0.181818181818182,0.0303030303030303,0.0909090909090909
"2775",449,127,1,20,0.324786324786325,0.373015873015873,0.452991452991453,0.826007326007326,0.367387033398821,0.105263157894737,0.0263157894736842,0.0789473684210526
"2776",132,35,0,7,0.296296296296296,0.441176470588235,0.481481481481481,0.922657952069717,0.359464627151052,0,0.125,0.125
"2777",51,12,0,3,0.416666666666667,0.416666666666667,0.75,1.16666666666667,0.323144104803493,0.2,0,0.2
"2778",81,24,0,7,0.421052631578947,0.541666666666667,0.631578947368421,1.17324561403509,0.33652312599681,0.125,0,0.125
"2779",294,74,0,16,0.358208955223881,0.405405405405405,0.671641791044776,1.07704719645018,0.306451612903226,0.25,0,0.208333333333333
"2780",146,34,0,2,0.258064516129032,0.303030303030303,0.258064516129032,0.561094819159335,0.343598055105348,0,0,0
"2781",444,107,0,13,0.223404255319149,0.304761904761905,0.425531914893617,0.730293819655522,0.332452081956378,0.0476190476190476,0,0.285714285714286
"2782",135,40,0,10,0.4,0.475,0.8,1.275,0.350710900473934,0.357142857142857,0,0.214285714285714
"2783",246,62,0,12,0.381818181818182,0.451612903225806,0.581818181818182,1.03343108504399,0.349794238683128,0.0952380952380952,0,0.142857142857143
"2784",33,8,0,2,0.5,0.625,0.5,1.125,0.454545454545455,0,0,0
"2785",142,39,0,5,0.228571428571429,0.307692307692308,0.514285714285714,0.821978021978022,0.329545454545455,0.125,0,0.375
"2786",78,21,0,5,0.294117647058824,0.4,0.647058823529412,1.04705882352941,0.334146341463415,0.6,0,0.2
"2787",490,132,0,22,0.31858407079646,0.37984496124031,0.548672566371681,0.928517527611991,0.36222005842259,0.138888888888889,0,0.194444444444444
"2788",121,33,0,2,0.172413793103448,0.272727272727273,0.206896551724138,0.479623824451411,0.372093023255814,0.2,0,0
"2789",95,25,0,1,0.333333333333333,0.36,0.375,0.735,0.364963503649635,0.125,0,0
"2790",119,27,0,4,0.375,0.423076923076923,0.625,1.04807692307692,0.320113314447592,0.333333333333333,0,0.111111111111111
"2791",89,19,0,1,0.235294117647059,0.315789473684211,0.294117647058824,0.609907120743034,0.25,0.25,0,0
"2792",194,48,0,8,0.414634146341463,0.468085106382979,0.536585365853659,1.00467047223664,0.350951374207188,0.117647058823529,0,0.0588235294117647
"2793",206,48,0,6,0.255813953488372,0.3125,0.441860465116279,0.754360465116279,0.281115879828326,0.181818181818182,0,0.181818181818182
"2794",365,97,0,23,0.402298850574713,0.458333333333333,0.597701149425287,1.05603448275862,0.331908831908832,0.142857142857143,0,0.114285714285714
"2795",59,17,0,3,0.428571428571429,0.529411764705882,0.571428571428571,1.10084033613445,0.325657894736842,0.333333333333333,0,0
"2796",12,4,0,2,0.5,0.5,1.25,1.75,0.317073170731707,0,0,0.5
"2797",511,139,0,20,0.270676691729323,0.294964028776978,0.428571428571429,0.723535457348407,0.330211927057664,0.166666666666667,0,0.138888888888889
"2798",49,12,0,2,0.1,0.25,0.4,0.65,0.293729372937294,0,0,1
"2799",231,61,1,9,0.192307692307692,0.295081967213115,0.269230769230769,0.564312736443884,0.287190082644628,0.1,0,0.1
"2800",22,4,0,1,0.5,0.5,1.25,1.75,0.2,0,0,0.5
"2801",146,34,0,8,0.28,0.470588235294118,0.36,0.830588235294118,0.327586206896552,0.285714285714286,0,0
"2802",161,38,0,6,0.214285714285714,0.421052631578947,0.428571428571429,0.849624060150376,0.258064516129032,0,0,0.333333333333333
"2803",519,138,0,7,0.213740458015267,0.246376811594203,0.282442748091603,0.528819559685806,0.301424050632911,0.214285714285714,0,0.0357142857142857
"2804",79,25,0,4,0.2,0.291666666666667,0.3,0.591666666666667,0.350961538461538,0.5,0,0
"2805",666,169,0,16,0.216216216216216,0.281437125748503,0.425675675675676,0.707112801424179,0.312098991750687,0.3125,0,0.21875
"2806",114,30,0,1,0.241379310344828,0.266666666666667,0.275862068965517,0.542528735632184,0.3486529318542,0.142857142857143,0,0
"2807",184,45,0,6,0.27906976744186,0.311111111111111,0.511627906976744,0.822739018087855,0.34125636672326,0.0833333333333333,0,0.25
"2808",102,27,0,7,0.36,0.407407407407407,0.72,1.12740740740741,0.301801801801802,0.111111111111111,0.111111111111111,0.222222222222222
"2809",484,120,0,16,0.25,0.325,0.351851851851852,0.676851851851852,0.338160136286201,0.185185185185185,0,0.0740740740740741
"2810",9,2,0,0,0,0,0,0,0.473684210526316,0,0,0
"2811",263,67,0,5,0.232142857142857,0.348484848484849,0.321428571428571,0.66991341991342,0.286516853932584,0.384615384615385,0,0
"2812",377,89,0,12,0.319444444444444,0.430232558139535,0.472222222222222,0.902454780361757,0.331292517006803,0.260869565217391,0.0434782608695652,0.0434782608695652
"2813",389,94,0,8,0.204819277108434,0.276595744680851,0.313253012048193,0.589848756729044,0.323069852941176,0.176470588235294,0,0.117647058823529
"2814",85,20,0,10,0.466666666666667,0.6,0.933333333333333,1.53333333333333,0.368,0.142857142857143,0,0.285714285714286
"2815",400,108,0,8,0.27,0.311320754716981,0.34,0.651320754716981,0.348130841121495,0.0740740740740741,0.037037037037037,0.037037037037037
"2816",74,18,0,4,0.2,0.333333333333333,0.266666666666667,0.6,0.347058823529412,0.333333333333333,0,0
"2817",126,30,0,5,0.333333333333333,0.379310344827586,0.407407407407407,0.786717752234994,0.346260387811634,0.222222222222222,0,0
"2818",198,48,0,11,0.409090909090909,0.446808510638298,0.727272727272727,1.17408123791103,0.364928909952607,0.222222222222222,0.111111111111111,0.111111111111111
"2819",371,97,0,15,0.238636363636364,0.309278350515464,0.465909090909091,0.775187441424555,0.30561555075594,0.0952380952380952,0,0.285714285714286
"2820",143,36,0,5,0.1875,0.277777777777778,0.34375,0.621527777777778,0.33125,0.333333333333333,0,0.166666666666667
"2821",34,12,0,8,0.5,0.666666666666667,0.5,1.16666666666667,0.289473684210526,0,0,0
"2822",57,19,0,2,0.294117647058824,0.368421052631579,0.352941176470588,0.721362229102167,0.30939226519337,0.2,0,0
"2823",254,56,0,4,0.22,0.303571428571429,0.34,0.643571428571429,0.351906158357771,0.363636363636364,0.0909090909090909,0
"2824",403,103,0,16,0.303370786516854,0.366336633663366,0.528089887640449,0.894426521303816,0.33757225433526,0.296296296296296,0,0.148148148148148
"2825",23,7,0,2,0.285714285714286,0.285714285714286,0.714285714285714,1,0.297297297297297,0,0,0.5
"2826",169,45,0,6,0.256410256410256,0.325581395348837,0.435897435897436,0.761478831246273,0.321428571428571,0.1,0,0.2
"2827",185,44,0,13,0.193548387096774,0.431818181818182,0.483870967741935,0.915689149560117,0.284237726098191,0.5,0,0.333333333333333
"2828",408,103,0,14,0.21505376344086,0.284313725490196,0.387096774193548,0.671410499683744,0.323215289488477,0.15,0.1,0.15
"2829",16,4,0,0,0.25,0.25,0.5,0.75,0.303754266211604,1,0,0
"2830",217,52,0,9,0.289473684210526,0.470588235294118,0.473684210526316,0.944272445820433,0.33112582781457,0.0909090909090909,0,0.181818181818182
"2831",137,43,0,5,0.157894736842105,0.238095238095238,0.342105263157895,0.580200501253133,0.323976608187135,0.166666666666667,0,0.333333333333333
"2832",233,64,0,6,0.192982456140351,0.265625,0.298245614035088,0.563870614035088,0.284069097888676,0.272727272727273,0,0.0909090909090909
"2833",132,34,0,9,0.3,0.382352941176471,0.6,0.982352941176471,0.322538860103627,0.333333333333333,0,0.222222222222222
"2834",281,64,0,6,0.245614035087719,0.317460317460317,0.43859649122807,0.756056808688388,0.305587229190422,0.142857142857143,0,0.214285714285714
"2835",178,43,0,6,0.28125,0.428571428571429,0.625,1.05357142857143,0.2997542997543,0.222222222222222,0,0.333333333333333
"2836",63,15,0,1,0.416666666666667,0.533333333333333,0.416666666666667,0.95,0.310185185185185,0,0,0
"2837",473,118,0,15,0.247619047619048,0.31304347826087,0.4,0.71304347826087,0.315441176470588,0.153846153846154,0,0.153846153846154
"2838",12,2,0,0,0,0.5,0,0.5,0.411764705882353,0,0,0
"2839",163,35,0,10,0.4,0.470588235294118,0.833333333333333,1.30392156862745,0.304713804713805,0.0833333333333333,0,0.333333333333333
"2840",39,9,0,0,0,0.333333333333333,0,0.333333333333333,0.1875,0,0,0
"2841",503,128,0,21,0.265486725663717,0.333333333333333,0.424778761061947,0.75811209439528,0.344594594594595,0.133333333333333,0.0333333333333333,0.133333333333333
"2842",407,104,0,11,0.255102040816327,0.281553398058252,0.408163265306122,0.689716663364375,0.336980306345733,0.24,0,0.12
"2843",55,17,0,2,0.1875,0.235294117647059,0.375,0.610294117647059,0.296718972895863,0,0,0.333333333333333
"2844",179,48,0,12,0.404761904761905,0.468085106382979,0.547619047619048,1.01570415400203,0.313703284258211,0.0588235294117647,0.0588235294117647,0.0588235294117647
"2845",89,21,0,3,0.333333333333333,0.4,0.555555555555556,0.955555555555556,0.303317535545024,0.666666666666667,0,0
"2846",46,13,0,2,0.272727272727273,0.384615384615385,0.454545454545455,0.839160839160839,0.36094674556213,0.666666666666667,0,0
"2847",109,29,0,7,0.423076923076923,0.482758620689655,0.653846153846154,1.13660477453581,0.30952380952381,0.272727272727273,0,0.0909090909090909
"2848",63,19,0,2,0.210526315789474,0.210526315789474,0.368421052631579,0.578947368421053,0.356363636363636,0,0,0.25
"2849",9,3,0,3,1,1,1,2,0.385964912280702,0,0,0
"2850",227,61,0,3,0.245283018867925,0.344262295081967,0.264150943396226,0.608413238478194,0.29987293519695,0.0769230769230769,0,0
"2851",596,156,0,12,0.208333333333333,0.264516129032258,0.3125,0.577016129032258,0.295361127422196,0.2,0,0.1
"2852",46,11,0,2,0.375,0.454545454545455,0.375,0.829545454545455,0.363636363636364,0,0,0
"2853",268,69,0,11,0.298245614035088,0.397058823529412,0.456140350877193,0.853199174406605,0.312649164677804,0.176470588235294,0,0.117647058823529
"2854",257,75,0,8,0.328571428571429,0.364864864864865,0.457142857142857,0.822007722007722,0.343470483005367,0.260869565217391,0,0.0434782608695652
"2855",161,39,0,13,0.40625,0.5,0.78125,1.28125,0.38,0.230769230769231,0,0.230769230769231
"2856",493,117,0,5,0.16504854368932,0.258620689655172,0.252427184466019,0.511047874121192,0.290633608815427,0.176470588235294,0,0.117647058823529
"2857",251,59,0,8,0.28,0.379310344827586,0.42,0.799310344827586,0.319083969465649,0.285714285714286,0,0.0714285714285714
"2858",260,69,0,16,0.333333333333333,0.434782608695652,0.421052631578947,0.855835240274599,0.312305295950156,0.105263157894737,0,0.0526315789473684
"2859",135,36,0,3,0.4,0.457142857142857,0.5,0.957142857142857,0.333965844402277,0.25,0,0
"2860",470,123,0,20,0.279279279279279,0.341463414634146,0.432432432432432,0.773895847066579,0.323320158102767,0.258064516129032,0,0.0967741935483871
"2861",227,56,0,6,0.239130434782609,0.345454545454545,0.347826086956522,0.693280632411067,0.332167832167832,0.181818181818182,0,0.0909090909090909
"2862",37,12,0,1,0.363636363636364,0.416666666666667,0.454545454545455,0.871212121212121,0.313953488372093,0.25,0,0
"2863",429,113,0,15,0.294117647058824,0.348214285714286,0.450980392156863,0.799194677871149,0.320437670965221,0.433333333333333,0,0.0333333333333333
"2864",438,121,0,14,0.25,0.305785123966942,0.419642857142857,0.725427981109799,0.305204648812532,0.25,0,0.142857142857143
"2865",114,28,0,5,0.24,0.321428571428571,0.52,0.841428571428571,0.308529945553539,0.166666666666667,0,0.333333333333333
"2866",93,27,0,8,0.318181818181818,0.444444444444444,0.409090909090909,0.853535353535354,0.269633507853403,0.285714285714286,0,0
"2867",367,102,0,13,0.268817204301075,0.32,0.505376344086022,0.825376344086022,0.304704595185996,0.08,0.04,0.24
"2868",188,48,0,6,0.222222222222222,0.270833333333333,0.444444444444444,0.715277777777778,0.297872340425532,0.1,0,0.3
"2869",544,149,0,21,0.2578125,0.344594594594595,0.421875,0.766469594594595,0.323436512950095,0.151515151515152,0.0606060606060606,0.121212121212121
"2870",53,13,0,0,0.307692307692308,0.307692307692308,0.307692307692308,0.615384615384615,0.354838709677419,0,0,0
"2871",49,14,0,7,0.538461538461538,0.571428571428571,1.30769230769231,1.87912087912088,0.395061728395062,0.142857142857143,0,0.428571428571429
"2872",491,130,0,13,0.230088495575221,0.3203125,0.433628318584071,0.753940818584071,0.313120176405733,0.153846153846154,0.0769230769230769,0.192307692307692
"2873",68,23,0,4,0.304347826086957,0.304347826086957,0.565217391304348,0.869565217391304,0.306,0,0,0.285714285714286
"2874",74,20,0,4,0.421052631578947,0.45,0.631578947368421,1.08157894736842,0.358730158730159,0.5,0,0
"2875",66,20,0,3,0.25,0.25,0.45,0.7,0.32725321888412,0.2,0,0.2
"2876",126,34,0,1,0.178571428571429,0.303030303030303,0.178571428571429,0.481601731601732,0.272727272727273,0,0,0
"2877",152,42,0,2,0.179487179487179,0.238095238095238,0.384615384615385,0.622710622710623,0.296762589928058,0.285714285714286,0,0.285714285714286
"2878",34,9,0,0,0.25,0.333333333333333,0.375,0.708333333333333,0.309477756286267,0.5,0,0
"2879",145,35,0,2,0.235294117647059,0.257142857142857,0.264705882352941,0.521848739495798,0.316349809885932,0.125,0,0
"2880",54,14,0,3,0.25,0.357142857142857,0.75,1.10714285714286,0.322033898305085,0,0,0.666666666666667
"2881",259,69,0,7,0.28125,0.333333333333333,0.453125,0.786458333333333,0.316753926701571,0.111111111111111,0,0.166666666666667
"2882",94,27,0,9,0.478260869565217,0.555555555555556,1.04347826086957,1.59903381642512,0.3184421534937,0.181818181818182,0.0909090909090909,0.272727272727273
"2883",124,30,0,2,0.285714285714286,0.3,0.357142857142857,0.657142857142857,0.269598470363289,0,0.125,0
"2884",90,20,0,1,0.0714285714285714,0.35,0.0714285714285714,0.421428571428571,0.268382352941176,0,0,0
"2885",190,55,0,13,0.387755102040816,0.454545454545455,0.571428571428571,1.02597402597403,0.354098360655738,0.473684210526316,0,0
"2886",144,41,0,4,0.424242424242424,0.48780487804878,0.606060606060606,1.09386548410939,0.35191637630662,0.214285714285714,0,0.0714285714285714
"2887",159,38,1,12,0.354838709677419,0.447368421052632,0.483870967741935,0.931239388794567,0.320224719101124,0.363636363636364,0,0
"2888",472,120,1,23,0.285714285714286,0.375,0.504761904761905,0.879761904761905,0.343434343434343,0.266666666666667,0,0.166666666666667
"2889",202,51,1,5,0.27906976744186,0.36734693877551,0.441860465116279,0.809207403891789,0.303448275862069,0.0833333333333333,0,0.166666666666667
"2890",168,38,0,7,0.333333333333333,0.421052631578947,0.787878787878788,1.20893141945774,0.321070234113712,0.272727272727273,0,0.363636363636364
"2891",430,115,0,25,0.346938775510204,0.421052631578947,0.591836734693878,1.01288936627282,0.342749529190207,0.176470588235294,0,0.176470588235294
"2892",195,57,0,4,0.240740740740741,0.263157894736842,0.37037037037037,0.633528265107212,0.326170376055257,0.0769230769230769,0,0.153846153846154
"2893",217,54,0,17,0.375,0.444444444444444,0.833333333333333,1.27777777777778,0.316209476309227,0.222222222222222,0,0.333333333333333
"2894",205,50,0,8,0.272727272727273,0.32,0.409090909090909,0.729090909090909,0.311111111111111,0,0,0.166666666666667
"2895",163,36,0,3,0.21875,0.285714285714286,0.25,0.535714285714286,0.365358592692828,0.142857142857143,0,0
"2896",209,55,1,12,0.346938775510204,0.418181818181818,0.591836734693878,1.0100185528757,0.353658536585366,0.176470588235294,0,0.176470588235294
"2897",353,90,0,8,0.223529411764706,0.266666666666667,0.341176470588235,0.607843137254902,0.309895833333333,0.368421052631579,0,0.0526315789473684
"2898",201,50,0,9,0.19047619047619,0.3,0.30952380952381,0.60952380952381,0.335380835380835,0.25,0,0.125
"2899",104,23,0,3,0.35,0.391304347826087,0.6,0.991304347826087,0.321928460342146,0.285714285714286,0,0.142857142857143
"2900",152,42,0,7,0.230769230769231,0.285714285714286,0.435897435897436,0.721611721611722,0.313274336283186,0.222222222222222,0,0.222222222222222
"2901",235,65,0,5,0.172413793103448,0.246153846153846,0.344827586206897,0.590981432360743,0.267123287671233,0.1,0,0.3
"2902",48,10,1,1,0,0.3,0,0.3,0.347826086956522,0,0,0
"2903",23,6,0,0,0,0,0,0,0.347931873479319,0,0,0
"2904",330,90,0,9,0.271604938271605,0.333333333333333,0.395061728395062,0.728395061728395,0.327800829875519,0.181818181818182,0,0.0909090909090909
"2905",486,139,0,19,0.290076335877863,0.323741007194245,0.427480916030534,0.751221923224779,0.324022346368715,0.184210526315789,0.0263157894736842,0.0789473684210526
"2906",161,42,0,9,0.282051282051282,0.333333333333333,0.794871794871795,1.12820512820513,0.310734463276836,0.181818181818182,0,0.545454545454545
"2907",153,39,0,4,0.368421052631579,0.384615384615385,0.605263157894737,0.989878542510122,0.312101910828025,0.214285714285714,0,0.142857142857143
"2908",426,122,0,15,0.314814814814815,0.366666666666667,0.481481481481481,0.848148148148148,0.325334821428571,0.264705882352941,0,0.0882352941176471
"2909",143,39,0,7,0.4,0.461538461538462,0.542857142857143,1.0043956043956,0.416666666666667,0.142857142857143,0,0.0714285714285714
"2910",46,13,0,3,0.363636363636364,0.461538461538462,0.636363636363636,1.0979020979021,0.329700272479564,0.25,0.25,0
"2911",30,7,0,4,0.5,0.571428571428571,1,1.57142857142857,0.325581395348837,0,0,0.333333333333333
"2912",522,140,0,18,0.24,0.316546762589928,0.368,0.684546762589928,0.308720560152769,0.166666666666667,0.0333333333333333,0.1
"2913",108,29,0,3,0.307692307692308,0.344827586206897,0.5,0.844827586206897,0.316011235955056,0.25,0,0.125
"2914",90,29,0,2,0.12,0.241379310344828,0.32,0.561379310344828,0.331738437001595,0,0.333333333333333,0.333333333333333
"2915",268,67,2,19,0.36,0.484848484848485,0.58,1.06484848484848,0.333333333333333,0.111111111111111,0,0.166666666666667
"2916",154,39,0,7,0.277777777777778,0.315789473684211,0.388888888888889,0.704678362573099,0.330188679245283,0.1,0,0.1
"2917",180,42,0,11,0.341463414634146,0.357142857142857,0.658536585365854,1.01567944250871,0.339593114241002,0.0714285714285714,0,0.285714285714286
"2918",228,56,0,12,0.326530612244898,0.392857142857143,0.530612244897959,0.923469387755102,0.32398316970547,0.25,0,0.125
"2919",65,14,0,5,0.363636363636364,0.5,0.909090909090909,1.40909090909091,0.405660377358491,0,0,0.5
"2920",215,56,0,4,0.16,0.25,0.24,0.49,0.319294809010774,0.125,0,0.125
"2921",136,36,0,9,0.354838709677419,0.444444444444444,0.548387096774194,0.992831541218638,0.314917127071823,0,0,0.181818181818182
"2922",338,93,0,16,0.316455696202532,0.402173913043478,0.594936708860759,0.997110621904238,0.348045397225725,0.28,0,0.2
"2923",194,51,0,8,0.25,0.32,0.409090909090909,0.729090909090909,0.319303338171263,0.363636363636364,0,0.0909090909090909
"2924",291,81,0,12,0.310810810810811,0.358024691358025,0.445945945945946,0.803970637303971,0.333793103448276,0.173913043478261,0,0.0869565217391304
"2925",145,31,0,2,0.222222222222222,0.32258064516129,0.333333333333333,0.655913978494624,0.299180327868852,0.5,0,0
"2926",76,19,0,2,0.235294117647059,0.277777777777778,0.235294117647059,0.513071895424837,0.343915343915344,0,0,0
"2927",85,19,0,1,0.125,0.263157894736842,0.125,0.388157894736842,0.333333333333333,0,0,0
"2928",194,43,0,5,0.277777777777778,0.365853658536585,0.388888888888889,0.754742547425474,0.379084967320261,0.1,0,0.1
"2929",431,98,2,15,0.235294117647059,0.336734693877551,0.435294117647059,0.77202881152461,0.312807881773399,0.1,0,0.25
"2930",65,19,0,0,0.105263157894737,0.105263157894737,0.105263157894737,0.210526315789474,0.31413612565445,0,0,0
"2931",114,28,0,4,0.37037037037037,0.392857142857143,0.888888888888889,1.28174603174603,0.370179948586118,0.2,0,0.4
"2932",520,124,0,17,0.281818181818182,0.346774193548387,0.454545454545455,0.801319648093842,0.338947368421053,0.193548387096774,0.0645161290322581,0.0967741935483871
"2933",147,48,0,1,0.261904761904762,0.340425531914894,0.30952380952381,0.649949341438703,0.347619047619048,0.181818181818182,0,0
"2934",35,11,0,1,0.222222222222222,0.272727272727273,0.333333333333333,0.606060606060606,0.304744525547445,0.5,0,0
"2935",105,26,0,3,0.291666666666667,0.307692307692308,0.5,0.807692307692308,0.30635838150289,0.285714285714286,0,0.142857142857143
"2936",162,46,0,13,0.358974358974359,0.422222222222222,0.692307692307692,1.11452991452991,0.344800625488663,0.357142857142857,0.0714285714285714,0.142857142857143
"2937",176,44,0,6,0.275,0.340909090909091,0.4,0.740909090909091,0.312775330396476,0,0.0909090909090909,0.0909090909090909
"2938",286,82,0,14,0.405797101449275,0.469135802469136,0.550724637681159,1.0198604401503,0.349593495934959,0.25,0,0.0357142857142857
"2939",168,46,0,2,0.189189189189189,0.311111111111111,0.27027027027027,0.581381381381381,0.27831715210356,0,0,0.142857142857143
"2940",332,83,0,14,0.266666666666667,0.329268292682927,0.546666666666667,0.875934959349594,0.344569288389513,0.15,0,0.3
"2941",22,6,0,6,1,1,1.5,2.5,0.31986531986532,0.5,0,0
"2942",129,35,0,6,0.375,0.4,0.5625,0.9625,0.301980198019802,0.25,0,0.0833333333333333
"2943",175,45,1,4,0.2,0.288888888888889,0.375,0.663888888888889,0.308510638297872,0.125,0,0.25
"2944",413,107,0,20,0.350515463917526,0.378640776699029,0.494845360824742,0.873486137523771,0.322191780821918,0.0588235294117647,0,0.117647058823529
"2945",263,62,0,7,0.270833333333333,0.406779661016949,0.416666666666667,0.823446327683616,0.326241134751773,0.0769230769230769,0,0.153846153846154
"2946",253,72,0,11,0.242857142857143,0.263888888888889,0.457142857142857,0.721031746031746,0.351602895553258,0.352941176470588,0,0.176470588235294
"2947",63,16,0,4,0.375,0.375,0.75,1.125,0.341836734693878,0,0,0.333333333333333
"2948",76,21,0,1,0.15,0.15,0.35,0.5,0.355263157894737,0.333333333333333,0,0.333333333333333
"2949",236,65,0,7,0.263157894736842,0.353846153846154,0.368421052631579,0.722267206477733,0.361266294227188,0.2,0,0.0666666666666667
"2950",509,133,0,16,0.28099173553719,0.340909090909091,0.446280991735537,0.787190082644628,0.31390134529148,0.147058823529412,0,0.147058823529412
"2951",189,47,0,8,0.318181818181818,0.340425531914894,0.522727272727273,0.863152804642166,0.340956340956341,0.428571428571429,0,0.0714285714285714
"2952",562,144,0,11,0.261194029850746,0.307692307692308,0.432835820895522,0.74052812858783,0.317269076305221,0.142857142857143,0,0.171428571428571
"2953",451,119,0,18,0.290909090909091,0.336134453781513,0.445454545454545,0.781588999236058,0.367387033398821,0.25,0,0.09375
"2954",21,5,0,2,0.4,0.4,1,1.4,0.359464627151052,0,0,0.5
"2955",57,14,0,2,0.333333333333333,0.428571428571429,0.333333333333333,0.761904761904762,0.323144104803493,0,0,0
"2956",115,32,0,5,0.222222222222222,0.34375,0.444444444444444,0.788194444444444,0.33652312599681,0.5,0,0.166666666666667
"2957",16,4,0,0,0.25,0.25,0.25,0.5,0.339066339066339,0,0,0
"2958",160,42,0,10,0.257142857142857,0.357142857142857,0.428571428571429,0.785714285714286,0.306451612903226,0.111111111111111,0.111111111111111,0.111111111111111
"2959",232,59,0,8,0.351851851851852,0.368421052631579,0.537037037037037,0.905458089668616,0.343598055105348,0.105263157894737,0.0526315789473684,0.105263157894737
"2960",515,135,0,23,0.365853658536585,0.414814814814815,0.51219512195122,0.927009936766034,0.332452081956378,0.133333333333333,0,0.0888888888888889
"2961",119,32,0,2,0.4,0.4375,0.533333333333333,0.970833333333333,0.349794238683128,0.0833333333333333,0,0.0833333333333333
"2962",66,19,0,1,0.125,0.263157894736842,0.1875,0.450657894736842,0.315638450502152,0.5,0,0
"2963",17,5,0,1,0.666666666666667,0.75,1,1.75,0.329545454545455,0.5,0,0
"2964",125,30,0,1,0.222222222222222,0.266666666666667,0.333333333333333,0.6,0.334146341463415,0,0,0.166666666666667
"2965",363,102,0,12,0.284090909090909,0.37,0.420454545454545,0.790454545454546,0.36222005842259,0.16,0.04,0.08
"2966",142,38,0,12,0.484848484848485,0.540540540540541,0.666666666666667,1.20720720720721,0.372093023255814,0.1875,0,0.0625
"2967",109,33,0,2,0.266666666666667,0.333333333333333,0.3,0.633333333333333,0.364963503649635,0.125,0,0
"2968",166,44,0,11,0.365853658536585,0.409090909090909,0.780487804878049,1.18957871396896,0.320113314447592,0.333333333333333,0,0.266666666666667
"2969",36,9,0,0,0.25,0.444444444444444,0.5,0.944444444444444,0.25,1,0,0
"2970",200,54,0,6,0.22,0.25,0.24,0.49,0.350951374207188,0.0909090909090909,0,0
"2971",132,35,0,7,0.393939393939394,0.4,0.757575757575758,1.15757575757576,0.281115879828326,0.307692307692308,0.0769230769230769,0.153846153846154
"2972",411,103,0,10,0.25531914893617,0.287128712871287,0.393617021276596,0.680745734147883,0.331908831908832,0.166666666666667,0,0.125
"2973",15,3,0,0,0,0.333333333333333,0,0.333333333333333,0.325657894736842,0,0,0
"2974",408,117,0,12,0.315789473684211,0.333333333333333,0.412280701754386,0.745614035087719,0.330211927057664,0.138888888888889,0,0.0555555555555556
"2975",85,18,0,2,0.277777777777778,0.277777777777778,0.277777777777778,0.555555555555556,0.293729372937294,0,0,0
"2976",78,19,0,7,0.5,0.578947368421053,0.8125,1.39144736842105,0.393939393939394,0.25,0,0.125
"2977",257,72,1,22,0.426470588235294,0.458333333333333,0.735294117647059,1.19362745098039,0.316129032258064,0.0689655172413793,0.0689655172413793,0.172413793103448
"2978",253,65,0,10,0.280701754385965,0.359375,0.543859649122807,0.903234649122807,0.287190082644628,0.1875,0,0.25
"2979",518,132,0,15,0.258333333333333,0.315384615384615,0.425,0.740384615384615,0.301424050632911,0.0967741935483871,0.032258064516129,0.161290322580645
"2980",132,40,0,13,0.342105263157895,0.375,0.710526315789474,1.08552631578947,0.350961538461538,0.153846153846154,0,0.307692307692308
"2981",405,100,0,28,0.375,0.48,0.6625,1.1425,0.312098991750687,0.266666666666667,0,0.166666666666667
"2982",122,31,0,8,0.379310344827586,0.419354838709677,0.620689655172414,1.04004449388209,0.3486529318542,0.0909090909090909,0,0.181818181818182
"2983",113,33,0,4,0.225806451612903,0.242424242424242,0.258064516129032,0.500488758553275,0.34125636672326,0.142857142857143,0,0
"2984",61,15,0,0,0.25,0.4,0.333333333333333,0.733333333333333,0.314285714285714,0.333333333333333,0,0
"2985",180,46,0,7,0.307692307692308,0.355555555555556,0.461538461538462,0.817094017094017,0.333333333333333,0.5,0,0
"2986",412,108,0,25,0.380434782608696,0.443396226415094,0.576086956521739,1.01948318293683,0.338160136286201,0.2,0.0285714285714286,0.0857142857142857
"2987",138,35,0,3,0.193548387096774,0.257142857142857,0.419354838709677,0.676497695852535,0.286516853932584,0.166666666666667,0,0.333333333333333
"2988",243,65,0,13,0.379310344827586,0.446153846153846,0.672413793103448,1.11856763925729,0.331292517006803,0.227272727272727,0,0.181818181818182
"2989",527,137,1,23,0.327868852459016,0.372262773722628,0.459016393442623,0.831279167165251,0.323069852941176,0.15,0.05,0.05
"2990",536,131,0,14,0.269565217391304,0.341085271317829,0.417391304347826,0.758476575665656,0.348130841121495,0.193548387096774,0.032258064516129,0.0967741935483871
"2991",106,29,0,2,0.185185185185185,0.241379310344828,0.259259259259259,0.500638569604087,0.347058823529412,0.4,0,0
"2992",175,51,0,7,0.3125,0.333333333333333,0.395833333333333,0.729166666666667,0.346260387811634,0.0666666666666667,0,0.0666666666666667
"2993",239,55,0,4,0.254901960784314,0.277777777777778,0.431372549019608,0.709150326797386,0.30561555075594,0.230769230769231,0,0.153846153846154
"2994",115,27,0,1,0.166666666666667,0.259259259259259,0.25,0.509259259259259,0.33125,0.5,0,0
"2995",37,8,0,0,0,0,0,0,0.289473684210526,0,0,0
"2996",25,7,0,1,0.285714285714286,0.285714285714286,0.714285714285714,1,0.30939226519337,0.5,0.5,0
"2997",120,32,0,6,0.357142857142857,0.4375,0.571428571428571,1.00892857142857,0.351906158357771,0,0,0.2
"2998",297,71,0,10,0.34375,0.4,0.5625,0.9625,0.33757225433526,0.272727272727273,0.0454545454545455,0.0909090909090909
"2999",141,38,0,7,0.4,0.447368421052632,0.6,1.04736842105263,0.321428571428571,0.0714285714285714,0,0.142857142857143
"3000",179,46,0,2,0.184210526315789,0.304347826086957,0.263157894736842,0.567505720823799,0.284237726098191,0.428571428571429,0,0
"3001",525,121,0,13,0.268518518518519,0.325,0.416666666666667,0.741666666666667,0.323215289488477,0.241379310344828,0,0.103448275862069
"3002",230,60,0,2,0.156862745098039,0.266666666666667,0.156862745098039,0.423529411764706,0.303754266211604,0,0,0
"3003",220,53,0,4,0.291666666666667,0.333333333333333,0.4375,0.770833333333333,0.323976608187135,0.0714285714285714,0,0.142857142857143
"3004",239,61,0,8,0.326923076923077,0.409836065573771,0.423076923076923,0.832912988650694,0.284069097888676,0.117647058823529,0,0.0588235294117647
"3005",63,16,0,5,0.333333333333333,0.5,0.666666666666667,1.16666666666667,0.470588235294118,0.25,0,0.25
"3006",100,27,0,5,0.304347826086957,0.407407407407407,0.347826086956522,0.755233494363929,0.305587229190422,0.142857142857143,0,0
"3007",9,3,0,0,0.333333333333333,0.333333333333333,0.333333333333333,0.666666666666667,0.333333333333333,0,0,0
"3008",27,7,0,2,0.6,0.666666666666667,0.6,1.26666666666667,0.2997542997543,0,0,0
"3009",90,23,0,5,0.333333333333333,0.434782608695652,0.722222222222222,1.15700483091787,0.310185185185185,0.166666666666667,0,0.333333333333333
"3010",48,11,0,3,0.166666666666667,0.545454545454545,0.666666666666667,1.21212121212121,0.166666666666667,0,0,1
"3011",362,89,0,22,0.405405405405405,0.5,0.756756756756757,1.25675675675676,0.315441176470588,0.2,0.0333333333333333,0.2
"3012",39,8,0,2,0.285714285714286,0.375,0.857142857142857,1.23214285714286,0.304713804713805,0.5,0,0.5
"3013",78,20,0,3,0.230769230769231,0.45,0.384615384615385,0.834615384615385,0.1875,0,0.333333333333333,0
"3014",314,69,0,8,0.283333333333333,0.376811594202899,0.5,0.876811594202899,0.344594594594595,0.235294117647059,0,0.176470588235294
"3015",445,112,0,14,0.305263157894737,0.381818181818182,0.515789473684211,0.897607655502392,0.336980306345733,0.103448275862069,0.0344827586206897,0.172413793103448
"3016",203,48,0,4,0.275,0.361702127659574,0.45,0.811702127659575,0.296718972895863,0.363636363636364,0,0.0909090909090909
"3017",209,56,0,4,0.230769230769231,0.285714285714286,0.346153846153846,0.631868131868132,0.313703284258211,0,0,0.166666666666667
"3018",162,48,0,6,0.325581395348837,0.395833333333333,0.511627906976744,0.907461240310077,0.303317535545024,0.357142857142857,0,0.0714285714285714
"3019",276,67,0,6,0.157894736842105,0.246153846153846,0.210526315789474,0.45668016194332,0.30952380952381,0,0,0.111111111111111
"3020",212,57,0,10,0.333333333333333,0.403508771929825,0.490196078431373,0.893704850361197,0.356363636363636,0.294117647058824,0,0.0588235294117647
"3021",172,42,0,4,0.205128205128205,0.261904761904762,0.41025641025641,0.672161172161172,0.29987293519695,0.25,0,0.25
"3022",5,1,0,0,0,0,0,0,0.310185185185185,0,0,0
"3023",432,113,0,7,0.237623762376238,0.303571428571429,0.297029702970297,0.600601131541726,0.295361127422196,0.25,0,0
"3024",33,9,0,1,0.375,0.444444444444444,0.75,1.19444444444444,0.363636363636364,0,0,0.333333333333333
"3025",260,72,0,12,0.3125,0.361111111111111,0.53125,0.892361111111111,0.312649164677804,0.2,0.1,0.1
"3026",48,16,0,3,0.333333333333333,0.375,0.733333333333333,1.10833333333333,0.327272727272727,0,0,0.4
"3027",118,35,1,3,0.303030303030303,0.342857142857143,0.333333333333333,0.676190476190476,0.343470483005367,0.1,0,0
"3028",16,6,0,0,0.4,0.333333333333333,0.4,0.733333333333333,0.375,0,0,0
"3029",450,107,0,20,0.315789473684211,0.383177570093458,0.473684210526316,0.856861780619774,0.290633608815427,0.133333333333333,0.0333333333333333,0.1
"3030",159,40,0,3,0.1875,0.35,0.21875,0.56875,0.319083969465649,0.166666666666667,0,0
"3031",133,37,0,13,0.516129032258065,0.555555555555556,0.741935483870968,1.29749103942652,0.312305295950156,0.25,0,0.0625
"3032",66,24,0,2,0.333333333333333,0.333333333333333,0.541666666666667,0.875,0.333965844402277,0.375,0.125,0
"3033",371,107,0,12,0.329896907216495,0.367924528301887,0.463917525773196,0.831842054075083,0.323320158102767,0.21875,0,0.0625
"3034",180,47,0,9,0.302325581395349,0.361702127659574,0.534883720930233,0.896585848589807,0.332167832167832,0.0769230769230769,0,0.230769230769231
"3035",134,33,0,6,0.28,0.454545454545455,0.56,1.01454545454545,0.313953488372093,0.285714285714286,0.142857142857143,0.142857142857143
"3036",355,97,0,20,0.375,0.402061855670103,0.579545454545455,0.981607310215558,0.320437670965221,0.121212121212121,0.0303030303030303,0.121212121212121
"3037",456,114,0,10,0.214285714285714,0.303571428571429,0.255102040816327,0.558673469387755,0.305204648812532,0.19047619047619,0,0
"3038",85,25,0,7,0.428571428571429,0.52,1.04761904761905,1.56761904761905,0.308529945553539,0.111111111111111,0,0.444444444444444
"3039",172,42,0,2,0.25,0.357142857142857,0.388888888888889,0.746031746031746,0.269633507853403,0.222222222222222,0,0.111111111111111
"3040",421,109,0,17,0.319587628865979,0.385321100917431,0.505154639175258,0.890475740092689,0.304704595185996,0.193548387096774,0,0.129032258064516
"3041",68,16,0,5,0.4,0.5625,0.8,1.3625,0.297872340425532,0.25,0,0.25
"3042",239,64,1,6,0.203389830508475,0.265625,0.305084745762712,0.570709745762712,0.323436512950095,0.25,0,0.0833333333333333
"3043",37,11,0,1,0.222222222222222,0.363636363636364,0.222222222222222,0.585858585858586,0.354838709677419,0,0,0
"3044",478,118,0,12,0.288288288288288,0.330508474576271,0.405405405405405,0.735913879981677,0.313120176405733,0.125,0,0.09375
"3045",141,38,0,2,0.0967741935483871,0.236842105263158,0.193548387096774,0.430390492359932,0.306,0,0,0.333333333333333
"3046",136,35,0,0,0.0909090909090909,0.142857142857143,0.0909090909090909,0.233766233766234,0.32725321888412,0,0,0
"3047",120,30,0,2,0.2,0.333333333333333,0.24,0.573333333333333,0.272727272727273,0.2,0,0
"3048",74,15,0,1,0.285714285714286,0.333333333333333,0.285714285714286,0.619047619047619,0.339350180505415,0,0,0
"3049",137,34,0,2,0.225806451612903,0.294117647058824,0.290322580645161,0.584440227703985,0.309477756286267,0.285714285714286,0,0
"3050",354,88,0,7,0.253012048192771,0.28735632183908,0.409638554216867,0.696994876055948,0.316349809885932,0.19047619047619,0,0.142857142857143
"3051",53,12,0,0,0.1,0.25,0.1,0.35,0.322033898305085,0,0,0
"3052",24,7,0,2,0.4,0.571428571428571,0.6,1.17142857142857,0.322916666666667,0.5,0,0
"3053",215,57,0,1,0.107142857142857,0.12280701754386,0.160714285714286,0.283521303258145,0.316753926701571,0,0,0.166666666666667
"3054",93,21,0,2,0.368421052631579,0.380952380952381,0.526315789473684,0.907268170426065,0.296127562642369,0,0,0.142857142857143
"3055",214,55,0,4,0.204081632653061,0.290909090909091,0.326530612244898,0.617439703153989,0.269598470363289,0,0,0.2
"3056",319,73,0,9,0.279411764705882,0.328767123287671,0.382352941176471,0.711120064464142,0.354098360655738,0.105263157894737,0.0526315789473684,0.0526315789473684
"3057",519,136,0,12,0.272727272727273,0.340740740740741,0.380165289256198,0.720906029996939,0.343434343434343,0.0303030303030303,0,0.121212121212121
"3058",386,102,0,11,0.261363636363636,0.356435643564356,0.352272727272727,0.708708370837084,0.303448275862069,0.217391304347826,0,0.0434782608695652
"3059",405,102,0,5,0.21875,0.257425742574257,0.302083333333333,0.559509075907591,0.342749529190207,0.0952380952380952,0,0.0952380952380952
"3060",221,54,0,4,0.294117647058824,0.333333333333333,0.333333333333333,0.666666666666667,0.326170376055257,0.133333333333333,0,0
"3061",309,89,0,10,0.333333333333333,0.359550561797753,0.511904761904762,0.871455323702515,0.316209476309227,0.107142857142857,0,0.142857142857143
"3062",98,26,0,2,0.347826086956522,0.4,0.391304347826087,0.791304347826087,0.311111111111111,0.125,0,0
"3063",41,10,0,2,0.444444444444444,0.5,0.666666666666667,1.16666666666667,0.353658536585366,0,0.25,0
"3064",356,90,0,15,0.358024691358025,0.411111111111111,0.518518518518518,0.92962962962963,0.309895833333333,0.172413793103448,0.0344827586206897,0.0689655172413793
"3065",207,55,0,6,0.183673469387755,0.272727272727273,0.26530612244898,0.538033395176252,0.335380835380835,0.111111111111111,0,0.111111111111111
"3066",76,21,0,2,0.210526315789474,0.285714285714286,0.263157894736842,0.548872180451128,0.321928460342146,0.25,0,0
"3067",131,30,0,0,0.259259259259259,0.333333333333333,0.296296296296296,0.62962962962963,0.313274336283186,0.142857142857143,0,0
"3068",19,5,0,0,0.25,0.4,0.25,0.65,0.317073170731707,0,0,0
"3069",123,31,0,4,0.481481481481481,0.548387096774194,0.481481481481481,1.02986857825567,0.267123287671233,0,0,0
"3070",154,46,0,6,0.285714285714286,0.333333333333333,0.428571428571429,0.761904761904762,0.347931873479319,0.5,0,0
"3071",133,34,0,8,0.333333333333333,0.411764705882353,0.6,1.01176470588235,0.327800829875519,0.2,0,0.2
"3072",413,114,0,14,0.278846153846154,0.342105263157895,0.413461538461538,0.755566801619433,0.324022346368715,0.172413793103448,0,0.103448275862069
"3073",302,79,0,9,0.297297297297297,0.341772151898734,0.540540540540541,0.882312692439275,0.310734463276836,0.318181818181818,0.0454545454545455,0.136363636363636
"3074",475,127,0,19,0.321100917431193,0.392,0.532110091743119,0.924110091743119,0.290829694323144,0.228571428571429,0,0.142857142857143
"3075",46,15,0,2,0.142857142857143,0.2,0.428571428571429,0.628571428571429,0.336633663366337,0.5,0,0.5
"3076",480,121,0,15,0.269565217391304,0.305785123966942,0.365217391304348,0.67100251527129,0.325334821428571,0.161290322580645,0,0.0645161290322581
"3077",501,134,0,14,0.241935483870968,0.298507462686567,0.403225806451613,0.70173326913818,0.308720560152769,0.1,0.0333333333333333,0.166666666666667
"3078",198,50,0,6,0.225,0.38,0.425,0.805,0.316011235955056,0.222222222222222,0,0.222222222222222
"3079",103,27,0,6,0.346153846153846,0.37037037037037,0.461538461538462,0.831908831908832,0.331738437001595,0.333333333333333,0,0
"3080",47,13,0,1,0.25,0.307692307692308,0.25,0.557692307692308,0.333333333333333,0,0,0
"3081",159,39,0,5,0.189189189189189,0.230769230769231,0.27027027027027,0.501039501039501,0.330188679245283,0.428571428571429,0,0
"3082",202,44,0,8,0.390243902439024,0.431818181818182,0.536585365853659,0.96840354767184,0.339593114241002,0.25,0.0625,0
"3083",163,36,0,10,0.3125,0.361111111111111,0.75,1.11111111111111,0.32398316970547,0.2,0,0.4
"3084",13,3,0,0,0,1,0,1,0.405660377358491,0,0,0
"3085",126,29,0,5,0.208333333333333,0.321428571428571,0.416666666666667,0.738095238095238,0.319294809010774,0.4,0,0.2
"3086",26,8,0,1,0.142857142857143,0.142857142857143,0.142857142857143,0.285714285714286,0.314917127071823,0,0,0
"3087",153,41,1,9,0.394736842105263,0.439024390243902,0.631578947368421,1.07060333761232,0.348045397225725,0.266666666666667,0.0666666666666667,0.0666666666666667
"3088",107,28,0,3,0.28,0.357142857142857,0.44,0.797142857142857,0.319303338171263,0.142857142857143,0,0.142857142857143
"3089",12,3,0,1,0,0.666666666666667,0,0.666666666666667,0.333793103448276,0,0,0
"3090",89,25,0,1,0.208333333333333,0.2,0.291666666666667,0.491666666666667,0.299180327868852,0.4,0,0
"3091",102,24,0,1,0.19047619047619,0.291666666666667,0.333333333333333,0.625,0.333333333333333,0,0,0.25
"3092",72,23,0,8,0.571428571428571,0.608695652173913,0.666666666666667,1.27536231884058,0.362694300518135,0.166666666666667,0,0
"3093",315,73,0,9,0.229508196721311,0.342465753424658,0.377049180327869,0.719514933752526,0.312807881773399,0.214285714285714,0,0.142857142857143
"3094",323,78,0,10,0.25,0.276315789473684,0.472222222222222,0.748538011695906,0.31413612565445,0.222222222222222,0,0.222222222222222
"3095",110,29,0,5,0.321428571428571,0.344827586206897,0.464285714285714,0.809113300492611,0.370179948586118,0.111111111111111,0,0.111111111111111
"3096",137,40,0,11,0.461538461538462,0.461538461538462,0.871794871794872,1.33333333333333,0.338947368421053,0.388888888888889,0,0.166666666666667
"3097",115,29,0,0,0.0434782608695652,0.241379310344828,0.0434782608695652,0.284857571214393,0.347619047619048,0,0,0
"3098",42,11,0,5,0.545454545454545,0.545454545454545,0.818181818181818,1.36363636363636,0.35632183908046,0.5,0,0
"3099",81,22,0,5,0.421052631578947,0.454545454545455,0.789473684210526,1.24401913875598,0.30635838150289,0.125,0,0.25
"3100",24,8,0,3,0.428571428571429,0.5,0.857142857142857,1.35714285714286,0.344800625488663,0,0,0.333333333333333
"3101",125,30,0,5,0.266666666666667,0.266666666666667,0.5,0.766666666666667,0.312775330396476,0.125,0,0.25
"3102",74,23,0,8,0.434782608695652,0.434782608695652,1,1.43478260869565,0.363534675615213,0.2,0.1,0.3
"3103",33,11,0,5,0.666666666666667,0.727272727272727,1,1.72727272727273,0.349593495934959,0.5,0,0
"3104",135,38,0,10,0.40625,0.472222222222222,0.625,1.09722222222222,0.27831715210356,0.307692307692308,0,0.0769230769230769
"3105",191,51,0,7,0.369565217391304,0.411764705882353,0.5,0.911764705882353,0.344569288389513,0.176470588235294,0,0.0588235294117647
"3106",138,38,0,4,0.264705882352941,0.289473684210526,0.470588235294118,0.760061919504644,0.301980198019802,0.444444444444444,0,0.111111111111111
"3107",32,9,0,2,0.444444444444444,0.444444444444444,0.555555555555556,1,0.308510638297872,0.25,0,0
"3108",183,50,0,6,0.306122448979592,0.32,0.510204081632653,0.830204081632653,0.322191780821918,0.266666666666667,0,0.133333333333333
"3109",72,17,0,3,0.333333333333333,0.352941176470588,0.6,0.952941176470588,0.326241134751773,0.2,0,0.2
"3110",60,17,0,2,0.285714285714286,0.375,0.571428571428571,0.946428571428571,0.351602895553258,0.25,0,0.25
"3111",83,23,0,1,0.15,0.260869565217391,0.15,0.410869565217391,0.341836734693878,0,0,0
"3112",33,10,0,2,0.142857142857143,0.4,0.285714285714286,0.685714285714286,0.295454545454545,1,0,0
"3113",65,17,0,1,0.357142857142857,0.375,0.428571428571429,0.803571428571429,0.355263157894737,0.2,0,0
"3114",69,20,0,2,0.294117647058824,0.35,0.352941176470588,0.702941176470588,0.361266294227188,0.2,0,0
"3115",271,73,0,11,0.323943661971831,0.342465753424658,0.605633802816901,0.948099556241559,0.31390134529148,0.217391304347826,0,0.217391304347826
"3116",228,62,0,17,0.384615384615385,0.483870967741935,0.730769230769231,1.21464019851117,0.340956340956341,0.15,0,0.25
"3117",221,58,0,13,0.403846153846154,0.448275862068966,0.769230769230769,1.21750663129973,0.317269076305221,0.0952380952380952,0.0476190476190476,0.238095238095238
"3118",189,54,0,13,0.408163265306122,0.433962264150943,0.653061224489796,1.08702348864074,0.367387033398821,0.15,0,0.15
"3119",84,25,0,3,0.347826086956522,0.4,0.434782608695652,0.834782608695652,0.359464627151052,0,0.125,0
"3120",21,4,0,0,0.25,0.25,0.5,0.75,0.323144104803493,1,0,0
"3121",100,26,0,3,0.208333333333333,0.24,0.5,0.74,0.33652312599681,0.2,0,0.4
"3122",138,35,0,2,0.233333333333333,0.294117647058824,0.266666666666667,0.56078431372549,0.339066339066339,0.142857142857143,0,0
"3123",119,35,0,7,0.242424242424242,0.264705882352941,0.363636363636364,0.628342245989305,0.306451612903226,0.125,0,0.125
"3124",78,23,0,4,0.368421052631579,0.454545454545455,0.526315789473684,0.980861244019139,0.343598055105348,0,0,0.142857142857143
"3125",328,86,0,5,0.25,0.267441860465116,0.345238095238095,0.612679955703211,0.332452081956378,0.0952380952380952,0,0.0952380952380952
"3126",66,17,0,9,0.461538461538462,0.588235294117647,0.923076923076923,1.51131221719457,0.350710900473934,0.5,0,0.166666666666667
"3127",83,23,0,4,0.333333333333333,0.434782608695652,0.444444444444444,0.879227053140097,0.349794238683128,0.333333333333333,0,0
"3128",124,35,0,5,0.321428571428571,0.457142857142857,0.535714285714286,0.992857142857143,0.315638450502152,0.333333333333333,0,0.111111111111111
"3129",72,15,0,1,0.272727272727273,0.466666666666667,0.363636363636364,0.83030303030303,0.334146341463415,0.333333333333333,0,0
"3130",297,78,0,9,0.283582089552239,0.384615384615385,0.462686567164179,0.847301951779564,0.36222005842259,0.157894736842105,0,0.157894736842105
"3131",27,9,0,2,0.333333333333333,0.333333333333333,0.666666666666667,1,0.364963503649635,0,0,0.333333333333333
"3132",68,19,0,2,0.235294117647059,0.315789473684211,0.294117647058824,0.609907120743034,0.350951374207188,0.25,0,0
"3133",132,35,0,9,0.379310344827586,0.457142857142857,0.724137931034483,1.18128078817734,0.364779874213836,0.0909090909090909,0,0.272727272727273
"3134",263,62,0,11,0.418181818181818,0.475409836065574,0.563636363636364,1.03904619970194,0.331908831908832,0.217391304347826,0,0.0434782608695652
"3135",37,10,0,1,0.3,0.3,0.3,0.6,0.325657894736842,0,0,0
"3136",333,84,0,15,0.333333333333333,0.345238095238095,0.551282051282051,0.896520146520147,0.330211927057664,0.230769230769231,0.0384615384615385,0.115384615384615
"3137",37,8,0,4,0.5,0.75,0.75,1.5,0.5,0.5,0,0
"3138",229,55,0,7,0.229166666666667,0.309090909090909,0.333333333333333,0.642424242424242,0.293729372937294,0.272727272727273,0.0909090909090909,0
"3139",257,65,0,14,0.365384615384615,0.46875,0.480769230769231,0.949519230769231,0.316129032258064,0.210526315789474,0.0526315789473684,0
"3140",179,44,0,9,0.323529411764706,0.431818181818182,0.5,0.931818181818182,0.287190082644628,0.0909090909090909,0.0909090909090909,0.0909090909090909
"3141",39,7,0,2,0.4,0.571428571428571,0.6,1.17142857142857,0.327586206896552,0.5,0,0
"3142",282,73,0,19,0.350877192982456,0.464788732394366,0.508771929824561,0.973560662218928,0.312098991750687,0.05,0.05,0.1
"3143",116,34,0,4,0.357142857142857,0.424242424242424,0.464285714285714,0.888528138528139,0.3486529318542,0,0,0.1
"3144",95,29,0,11,0.52,0.586206896551724,0.56,1.14620689655172,0.34125636672326,0.0769230769230769,0,0
"3145",86,24,0,1,0.1,0.217391304347826,0.1,0.317391304347826,0.273858921161826,0,0,0
"3146",32,9,0,2,0.625,0.555555555555556,0.625,1.18055555555556,0.333333333333333,0,0,0
"3147",44,11,0,0,0.1,0.181818181818182,0.1,0.281818181818182,0.301801801801802,0,0,0
"3148",188,48,0,10,0.340909090909091,0.395833333333333,0.727272727272727,1.12310606060606,0.338160136286201,0.133333333333333,0,0.333333333333333
"3149",119,27,0,2,0.115384615384615,0.148148148148148,0.346153846153846,0.494301994301994,0.286516853932584,0,0,0.666666666666667
"3150",57,15,0,5,0.538461538461538,0.571428571428571,0.846153846153846,1.41758241758242,0.331292517006803,0.285714285714286,0.142857142857143,0
"3151",293,71,0,10,0.223880597014925,0.267605633802817,0.477611940298507,0.745217574101324,0.323069852941176,0.133333333333333,0,0.333333333333333
"3152",282,77,1,12,0.428571428571429,0.493333333333333,0.53968253968254,1.03301587301587,0.348130841121495,0.148148148148148,0,0.037037037037037
"3153",116,22,0,2,0.222222222222222,0.363636363636364,0.444444444444444,0.808080808080808,0.347058823529412,0.25,0,0.25
"3154",21,6,0,0,0.333333333333333,0.333333333333333,0.333333333333333,0.666666666666667,0.346260387811634,0,0,0
"3155",193,55,0,7,0.3,0.351851851851852,0.48,0.831851851851852,0.30561555075594,0.266666666666667,0.0666666666666667,0.0666666666666667
"3156",131,34,0,2,0.2,0.294117647058824,0.2,0.494117647058824,0.33125,0,0,0
"3157",8,3,0,0,0,0,0,0,0.289473684210526,0,0,0
"3158",86,21,0,5,0.375,0.45,0.5625,1.0125,0.33757225433526,0,0,0.166666666666667
"3159",93,25,0,3,0.260869565217391,0.32,0.565217391304348,0.885217391304348,0.321428571428571,0.166666666666667,0,0.333333333333333
"3160",81,20,0,2,0.3125,0.45,0.6875,1.1375,0.284237726098191,0.6,0,0.2
"3161",327,75,0,8,0.265625,0.373333333333333,0.421875,0.795208333333333,0.323215289488477,0.235294117647059,0,0.117647058823529
"3162",143,29,0,8,0.347826086956522,0.482758620689655,0.478260869565217,0.961019490254873,0.303754266211604,0,0,0.125
"3163",105,24,0,5,0.222222222222222,0.416666666666667,0.277777777777778,0.694444444444444,0.323976608187135,0.25,0,0
"3164",107,29,0,10,0.32,0.413793103448276,0.68,1.09379310344828,0.284069097888676,0.375,0,0.25
"3165",101,25,0,9,0.428571428571429,0.52,1.0952380952381,1.6152380952381,0.305587229190422,0.222222222222222,0,0.444444444444444
"3166",249,59,0,4,0.150943396226415,0.23728813559322,0.245283018867925,0.482571154461145,0.315441176470588,0.25,0,0.125
"3167",238,61,0,12,0.272727272727273,0.327868852459016,0.490909090909091,0.818777943368107,0.304713804713805,0.2,0,0.2
"3168",316,85,0,11,0.266666666666667,0.341176470588235,0.44,0.781176470588235,0.336980306345733,0.05,0,0.2
"3169",138,30,0,6,0.307692307692308,0.4,0.730769230769231,1.13076923076923,0.296718972895863,0,0.125,0.375
"3170",117,28,0,1,0.25,0.25,0.428571428571429,0.678571428571429,0.313703284258211,0.285714285714286,0,0.142857142857143
"3171",45,13,0,2,0.2,0.307692307692308,0.5,0.807692307692308,0.303317535545024,0,0,0.5
"3172",72,19,0,5,0.375,0.444444444444444,0.625,1.06944444444444,0.36094674556213,0.166666666666667,0,0.166666666666667
"3173",109,25,0,4,0.2,0.36,0.4,0.76,0.30952380952381,0.25,0,0.25
"3174",20,4,0,2,0.333333333333333,0.5,1.33333333333333,1.83333333333333,0.356363636363636,0,0,1
"3175",101,23,0,0,0.0952380952380952,0.173913043478261,0.142857142857143,0.316770186335404,0.29987293519695,0.5,0,0
"3176",70,22,0,3,0.4,0.454545454545455,0.45,0.904545454545455,0.421052631578947,0.125,0,0
"3177",215,57,0,18,0.3125,0.381818181818182,0.5625,0.944318181818182,0.310185185185185,0.4,0,0.133333333333333
"3178",193,56,0,7,0.307692307692308,0.345454545454545,0.557692307692308,0.903146853146853,0.295361127422196,0.25,0,0.1875
"3179",269,70,0,10,0.333333333333333,0.420289855072464,0.483333333333333,0.903623188405797,0.312649164677804,0.05,0.05,0.1
"3180",72,19,0,5,0.5,0.578947368421053,0.571428571428571,1.15037593984962,0.327272727272727,0.142857142857143,0,0
"3181",114,31,0,5,0.428571428571429,0.451612903225806,0.678571428571429,1.13018433179724,0.343470483005367,0.0833333333333333,0,0.166666666666667
"3182",24,5,0,2,0.5,0.6,1.25,1.85,0.375,0,0,0.5
"3183",196,57,0,8,0.26530612244898,0.345454545454545,0.285714285714286,0.631168831168831,0.290633608815427,0.0769230769230769,0,0
"3184",92,23,0,1,0.227272727272727,0.260869565217391,0.318181818181818,0.579051383399209,0.273972602739726,0.4,0,0
"3185",105,29,0,3,0.28,0.357142857142857,0.56,0.917142857142857,0.319083969465649,0.142857142857143,0,0.285714285714286
"3186",83,18,0,0,0.153846153846154,0.388888888888889,0.153846153846154,0.542735042735043,0.333965844402277,0,0,0
"3187",186,54,0,7,0.304347826086957,0.358490566037736,0.456521739130435,0.815012305168171,0.323320158102767,0.285714285714286,0,0.0714285714285714
"3188",97,26,0,4,0.291666666666667,0.346153846153846,0.5,0.846153846153846,0.332167832167832,0.285714285714286,0,0.142857142857143
"3189",131,35,0,9,0.433333333333333,0.514285714285714,0.666666666666667,1.18095238095238,0.320437670965221,0.307692307692308,0,0.0769230769230769
"3190",238,63,0,12,0.333333333333333,0.428571428571429,0.555555555555556,0.984126984126984,0.305204648812532,0.166666666666667,0,0.166666666666667
"3191",84,17,0,2,0.333333333333333,0.411764705882353,0.466666666666667,0.87843137254902,0.269633507853403,0.4,0,0
"3192",184,55,0,8,0.372549019607843,0.407407407407407,0.549019607843137,0.956427015250545,0.304704595185996,0.157894736842105,0,0.105263157894737
"3193",82,19,0,1,0.375,0.473684210526316,0.375,0.848684210526316,0.297872340425532,0,0,0
"3194",284,77,0,8,0.238805970149254,0.315789473684211,0.313432835820896,0.629222309505106,0.323436512950095,0.125,0,0.0625
"3195",37,11,0,3,0.5,0.6,0.875,1.475,0.354838709677419,0,0,0.25
"3196",164,44,0,22,0.540540540540541,0.613636363636364,1.08108108108108,1.69471744471744,0.313120176405733,0.1,0,0.3
"3197",87,27,0,9,0.407407407407407,0.407407407407407,1,1.40740740740741,0.3,0.0909090909090909,0,0.454545454545455
"3198",157,43,0,4,0.333333333333333,0.348837209302326,0.476190476190476,0.825027685492802,0.306,0.214285714285714,0,0.0714285714285714
"3199",76,23,0,3,0.227272727272727,0.227272727272727,0.363636363636364,0.590909090909091,0.32725321888412,0,0,0.2
"3200",93,19,0,1,0.2,0.368421052631579,0.2,0.568421052631579,0.272727272727273,0,0,0
"3201",77,22,0,5,0.368421052631579,0.454545454545455,0.894736842105263,1.34928229665072,0.296762589928058,0.571428571428571,0,0.285714285714286
"3202",121,28,0,5,0.346153846153846,0.37037037037037,0.423076923076923,0.793447293447293,0.309477756286267,0.222222222222222,0,0
"3203",290,67,0,6,0.216666666666667,0.287878787878788,0.4,0.687878787878788,0.316349809885932,0,0.0769230769230769,0.230769230769231
"3204",28,8,0,5,0.5,0.625,1.16666666666667,1.79166666666667,0.322916666666667,0.333333333333333,0,0.333333333333333
"3205",118,32,0,8,0.296296296296296,0.40625,0.518518518518518,0.924768518518518,0.316753926701571,0.375,0,0.125
"3206",88,21,0,3,0.333333333333333,0.428571428571429,0.444444444444444,0.873015873015873,0.296127562642369,0.333333333333333,0,0
"3207",95,26,0,6,0.391304347826087,0.423076923076923,0.869565217391304,1.29264214046823,0.269598470363289,0,0.111111111111111,0.333333333333333
"3208",125,30,0,1,0.192307692307692,0.266666666666667,0.307692307692308,0.574358974358974,0.354098360655738,0.2,0.2,0
"3209",25,7,0,0,0,0.142857142857143,0,0.142857142857143,0.320224719101124,0,0,0
"3210",337,82,0,14,0.309859154929577,0.375,0.450704225352113,0.825704225352113,0.343434343434343,0.318181818181818,0,0.0454545454545455
"3211",163,40,0,9,0.485714285714286,0.525,0.742857142857143,1.26785714285714,0.303448275862069,0.176470588235294,0,0.117647058823529
"3212",308,76,0,11,0.305555555555556,0.342105263157895,0.472222222222222,0.814327485380117,0.342749529190207,0.272727272727273,0,0.0909090909090909
"3213",83,25,0,2,0.28,0.28,0.36,0.64,0.326170376055257,0.285714285714286,0,0
"3214",166,42,0,4,0.368421052631579,0.428571428571429,0.5,0.928571428571429,0.316209476309227,0.142857142857143,0,0.0714285714285714
"3215",152,35,0,9,0.296296296296296,0.457142857142857,0.518518518518518,0.975661375661376,0.311111111111111,0.375,0,0.125
"3216",208,51,0,12,0.302325581395349,0.4,0.697674418604651,1.09767441860465,0.309895833333333,0.230769230769231,0.0769230769230769,0.307692307692308
"3217",102,26,0,0,0.192307692307692,0.192307692307692,0.192307692307692,0.384615384615385,0.335380835380835,0,0,0
"3218",226,54,0,8,0.25531914893617,0.339622641509434,0.382978723404255,0.722601364913689,0.321928460342146,0.25,0,0.0833333333333333
"3219",37,8,0,2,0.333333333333333,0.5,0.5,1,0.313274336283186,0.5,0,0
"3220",72,17,0,1,0.125,0.176470588235294,0.125,0.301470588235294,0.347931873479319,0,0,0
"3221",41,11,0,6,0.6,0.636363636363636,1.6,2.23636363636364,0.327800829875519,0.166666666666667,0,0.5
"3222",311,77,0,12,0.405797101449275,0.460526315789474,0.579710144927536,1.04023646071701,0.324022346368715,0.107142857142857,0,0.107142857142857
"3223",190,49,0,6,0.295454545454545,0.36734693877551,0.545454545454545,0.912801484230056,0.310734463276836,0.153846153846154,0,0.230769230769231
"3224",309,82,0,6,0.2,0.259259259259259,0.333333333333333,0.592592592592593,0.290829694323144,0.266666666666667,0,0.133333333333333
"3225",38,14,0,4,0.461538461538462,0.5,0.461538461538462,0.961538461538462,0.336633663366337,0,0,0
"3226",169,45,0,4,0.255813953488372,0.288888888888889,0.325581395348837,0.614470284237726,0.325334821428571,0.272727272727273,0,0
"3227",297,84,0,13,0.311688311688312,0.349397590361446,0.38961038961039,0.739007979971835,0.308720560152769,0.125,0,0.0416666666666667
"3228",141,33,0,6,0.32,0.454545454545455,0.52,0.974545454545455,0.316011235955056,0.25,0,0.125
"3229",80,24,0,1,0.222222222222222,0.333333333333333,0.222222222222222,0.555555555555556,0.331738437001595,0,0,0
"3230",46,12,0,1,0.3,0.416666666666667,0.3,0.716666666666667,0.333333333333333,0,0,0
"3231",86,26,0,0,0.227272727272727,0.291666666666667,0.227272727272727,0.518939393939394,0.330188679245283,0,0,0
"3232",110,30,0,7,0.192307692307692,0.3,0.307692307692308,0.607692307692308,0.339593114241002,0,0,0.2
"3233",39,8,0,0,0,0.285714285714286,0,0.285714285714286,0.32398316970547,0,0,0
"3234",161,42,0,3,0.216216216216216,0.268292682926829,0.27027027027027,0.5385629531971,0.319294809010774,0.25,0,0
"3235",135,32,0,3,0.307692307692308,0.40625,0.5,0.90625,0.344036697247706,0.25,0,0.125
"3236",72,18,0,1,0.176470588235294,0.166666666666667,0.352941176470588,0.519607843137255,0.295774647887324,0,0,0.333333333333333
"3237",67,17,0,7,0.466666666666667,0.529411764705882,1.06666666666667,1.59607843137255,0.314917127071823,0,0,0.428571428571429
"3238",245,64,0,12,0.339285714285714,0.390625,0.482142857142857,0.872767857142857,0.348045397225725,0.263157894736842,0,0.0526315789473684
"3239",203,53,0,10,0.268292682926829,0.403846153846154,0.341463414634146,0.7453095684803,0.319303338171263,0,0,0.0909090909090909
"3240",203,56,0,8,0.295454545454545,0.4,0.477272727272727,0.877272727272727,0.333793103448276,0.384615384615385,0,0.0769230769230769
"3241",192,44,0,4,0.324324324324324,0.409090909090909,0.351351351351351,0.76044226044226,0.299180327868852,0.0833333333333333,0,0
"3242",102,30,0,8,0.333333333333333,0.4,0.444444444444444,0.844444444444444,0.343915343915344,0,0,0.111111111111111
"3243",280,71,0,10,0.311475409836066,0.385714285714286,0.442622950819672,0.828337236533958,0.333333333333333,0.263157894736842,0,0.0526315789473684
"3244",35,7,0,0,0.142857142857143,0.142857142857143,0.142857142857143,0.285714285714286,0.362694300518135,0,0,0
"3245",291,65,0,10,0.288461538461538,0.40625,0.365384615384615,0.771634615384615,0.312807881773399,0.133333333333333,0.0666666666666667,0
"3246",531,131,0,18,0.294117647058824,0.358778625954198,0.38655462184874,0.745333247802938,0.31413612565445,0.142857142857143,0,0.0571428571428571
"3247",160,41,0,5,0.216216216216216,0.292682926829268,0.405405405405405,0.698088332234674,0.307553956834532,0.125,0,0.25
"3248",212,57,0,12,0.288461538461538,0.350877192982456,0.5,0.850877192982456,0.370179948586118,0.133333333333333,0,0.2
"3249",154,37,0,10,0.321428571428571,0.459459459459459,0.607142857142857,1.06660231660232,0.338947368421053,0.222222222222222,0,0.222222222222222
"3250",175,48,0,3,0.266666666666667,0.3125,0.288888888888889,0.601388888888889,0.347619047619048,0.0833333333333333,0,0
"3251",90,22,0,1,0.210526315789474,0.272727272727273,0.210526315789474,0.483253588516746,0.304744525547445,0,0,0
"3252",135,33,0,4,0.206896551724138,0.272727272727273,0.379310344827586,0.652037617554859,0.30635838150289,0.333333333333333,0,0.166666666666667
"3253",299,85,0,9,0.265822784810127,0.317647058823529,0.379746835443038,0.697393894266567,0.344800625488663,0.142857142857143,0,0.0952380952380952
"3254",194,47,1,4,0.225,0.340425531914894,0.3,0.640425531914894,0.312775330396476,0,0,0.111111111111111
"3255",131,36,0,5,0.294117647058824,0.333333333333333,0.323529411764706,0.656862745098039,0.349593495934959,0.1,0,0
"3256",314,71,0,9,0.211538461538462,0.391304347826087,0.288461538461538,0.679765886287625,0.27831715210356,0.181818181818182,0.0909090909090909,0
"3257",323,85,0,16,0.378378378378378,0.452380952380952,0.581081081081081,1.03346203346203,0.344569288389513,0.214285714285714,0,0.107142857142857
"3258",180,46,0,5,0.342105263157895,0.434782608695652,0.394736842105263,0.829519450800915,0.339160839160839,0.153846153846154,0,0
"3259",122,28,0,4,0.192307692307692,0.25,0.384615384615385,0.634615384615385,0.301980198019802,0.4,0,0.2
"3260",178,48,0,6,0.204545454545455,0.270833333333333,0.340909090909091,0.611742424242424,0.308510638297872,0.333333333333333,0,0.111111111111111
"3261",178,46,0,4,0.333333333333333,0.391304347826087,0.5,0.891304347826087,0.307692307692308,0.285714285714286,0,0.0714285714285714
"3262",529,125,0,17,0.28448275862069,0.328,0.413793103448276,0.741793103448276,0.322191780821918,0.0909090909090909,0,0.121212121212121
"3263",66,14,0,2,0.2,0.428571428571429,0.3,0.728571428571429,0.326241134751773,0.5,0,0
"3264",314,70,0,17,0.338461538461538,0.385714285714286,0.538461538461538,0.924175824175824,0.351602895553258,0.0454545454545455,0,0.181818181818182
"3265",38,8,0,5,0.8,0.75,1.4,2.15,0.341836734693878,0,0,0.25
"3266",124,31,0,7,0.379310344827586,0.419354838709677,0.655172413793103,1.07452725250278,0.355263157894737,0.454545454545455,0,0.0909090909090909
"3267",111,26,0,5,0.44,0.461538461538462,0.6,1.06153846153846,0.361266294227188,0.363636363636364,0,0
"3268",20,7,0,0,0.285714285714286,0.285714285714286,0.285714285714286,0.571428571428571,0.368421052631579,0,0,0
"3269",402,100,0,14,0.284090909090909,0.336734693877551,0.352272727272727,0.689007421150278,0.31390134529148,0.24,0,0
"3270",470,123,0,13,0.256637168141593,0.30327868852459,0.460176991150442,0.763455679675033,0.340956340956341,0.275862068965517,0,0.172413793103448
"3271",506,132,0,12,0.260162601626016,0.297709923664122,0.382113821138211,0.679823744802334,0.317269076305221,0.21875,0.03125,0.0625
"3272",24,6,0,0,0.333333333333333,0.333333333333333,0.333333333333333,0.666666666666667,0.359464627151052,0,0,0
"3273",151,37,0,6,0.294117647058824,0.351351351351351,0.676470588235294,1.02782193958665,0.323144104803493,0.1,0,0.4
"3274",16,4,0,1,0.333333333333333,0.5,0.333333333333333,0.833333333333333,0.343820224719101,0,0,0
"3275",190,46,0,6,0.263157894736842,0.377777777777778,0.394736842105263,0.772514619883041,0.33652312599681,0.3,0.1,0
"3276",185,47,0,6,0.282051282051282,0.404255319148936,0.512820512820513,0.917075831969449,0.339066339066339,0,0,0.272727272727273
"3277",198,48,0,4,0.238095238095238,0.3125,0.357142857142857,0.669642857142857,0.306451612903226,0.2,0,0.1
"3278",253,56,0,8,0.288461538461538,0.339285714285714,0.519230769230769,0.858516483516484,0.343598055105348,0.2,0,0.2
"3279",539,135,0,17,0.272,0.303030303030303,0.408,0.711030303030303,0.332452081956378,0.176470588235294,0.0294117647058824,0.0882352941176471
"3280",30,8,0,1,0.125,0.125,0.25,0.375,0.311050477489768,1,0,0
"3281",330,79,0,12,0.338235294117647,0.430379746835443,0.558823529411765,0.989203276247208,0.393258426966292,0.173913043478261,0.0434782608695652,0.130434782608696
"3282",139,39,0,5,0.305555555555556,0.358974358974359,0.333333333333333,0.692307692307692,0.349794238683128,0.0909090909090909,0,0
"3283",322,82,0,15,0.333333333333333,0.451219512195122,0.545454545454545,0.996674057649667,0.315638450502152,0.227272727272727,0,0.136363636363636
"3284",42,9,0,4,0.714285714285714,0.777777777777778,1.14285714285714,1.92063492063492,0.329545454545455,0.6,0,0
"3285",121,27,0,5,0.333333333333333,0.407407407407407,0.625,1.03240740740741,0.334146341463415,0.25,0.125,0.125
"3286",475,119,0,26,0.436893203883495,0.504273504273504,0.533980582524272,1.03825408679778,0.36222005842259,0.155555555555556,0,0.0222222222222222
"3287",53,15,0,5,0.416666666666667,0.466666666666667,1,1.46666666666667,0.372093023255814,0.2,0,0.4
"3288",82,23,0,6,0.315789473684211,0.434782608695652,0.473684210526316,0.908466819221968,0.364963503649635,0,0,0.166666666666667
"3289",170,46,0,10,0.363636363636364,0.391304347826087,0.590909090909091,0.982213438735178,0.320113314447592,0.25,0,0.125
"3290",84,23,0,1,0.181818181818182,0.217391304347826,0.227272727272727,0.444664031620553,0.25,0.25,0,0
"3291",199,51,0,11,0.238095238095238,0.36,0.380952380952381,0.740952380952381,0.350951374207188,0,0,0.2
"3292",454,123,0,30,0.37719298245614,0.413223140495868,0.578947368421053,0.99217050891692,0.331908831908832,0.209302325581395,0.0232558139534884,0.0930232558139535
"3293",293,79,0,13,0.301369863013699,0.329113924050633,0.506849315068493,0.835963239119126,0.330211927057664,0.272727272727273,0,0.136363636363636
"3294",272,67,0,6,0.172413793103448,0.26865671641791,0.293103448275862,0.561760164693772,0.293729372937294,0.4,0,0.1
"3295",433,107,1,18,0.322916666666667,0.386792452830189,0.552083333333333,0.938875786163522,0.316129032258064,0.32258064516129,0,0.129032258064516
"3296",136,37,0,9,0.333333333333333,0.472222222222222,0.555555555555556,1.02777777777778,0.287190082644628,0,0,0.222222222222222
"3297",26,4,0,0,0,0.25,0,0.25,0.2,0,0,0
"3298",115,28,0,2,0.25,0.428571428571429,0.25,0.678571428571429,0.258064516129032,0,0,0
"3299",505,138,0,12,0.196850393700787,0.255474452554745,0.267716535433071,0.523190987987815,0.301424050632911,0.24,0,0.04
"3300",92,31,0,6,0.419354838709677,0.419354838709677,0.483870967741935,0.903225806451613,0.350961538461538,0.153846153846154,0,0
"3301",511,134,0,17,0.218487394957983,0.305970149253731,0.34453781512605,0.650507964379782,0.312098991750687,0.230769230769231,0,0.115384615384615
"3302",99,28,0,6,0.296296296296296,0.321428571428571,0.555555555555556,0.876984126984127,0.3486529318542,0.125,0,0.25
"3303",218,61,0,6,0.313725490196078,0.416666666666667,0.470588235294118,0.887254901960784,0.34125636672326,0.125,0,0.125
"3304",179,42,0,6,0.297297297297297,0.365853658536585,0.567567567567568,0.933421226104153,0.273858921161826,0.0909090909090909,0,0.272727272727273
"3305",37,10,0,3,0.4,0.4,0.4,0.8,0.314285714285714,0,0,0
"3306",4,1,0,0,0,0,0,0,0.333333333333333,0,0,0
"3307",135,35,0,6,0.25,0.371428571428571,0.392857142857143,0.764285714285714,0.301801801801802,0.142857142857143,0,0.142857142857143
"3308",413,107,0,14,0.208791208791209,0.320754716981132,0.395604395604396,0.716359112585528,0.338160136286201,0.263157894736842,0,0.210526315789474
"3309",22,7,0,2,0.5,0.571428571428571,0.5,1.07142857142857,0.473684210526316,0,0,0
"3310",66,18,0,5,0.375,0.388888888888889,0.6875,1.07638888888889,0.316326530612245,0,0.166666666666667,0.166666666666667
"3311",240,62,0,9,0.288461538461538,0.372881355932203,0.596153846153846,0.96903520208605,0.286516853932584,0.266666666666667,0,0.266666666666667
"3312",324,77,0,19,0.373134328358209,0.454545454545455,0.611940298507463,1.06648575305292,0.331292517006803,0.16,0,0.16
"3313",507,127,0,23,0.247787610619469,0.330708661417323,0.469026548672566,0.799735210089889,0.323069852941176,0.214285714285714,0.0714285714285714,0.178571428571429
"3314",83,18,0,1,0.142857142857143,0.333333333333333,0.214285714285714,0.547619047619048,0.368,0.5,0,0
"3315",167,40,1,12,0.441176470588235,0.525,0.705882352941177,1.23088235294118,0.348130841121495,0,0,0.2
"3316",74,19,0,1,0.235294117647059,0.315789473684211,0.235294117647059,0.551083591331269,0.327510917030568,0,0,0
"3317",172,42,0,12,0.378378378378378,0.404761904761905,0.702702702702703,1.10746460746461,0.347058823529412,0.285714285714286,0.0714285714285714,0.142857142857143
"3318",60,16,0,5,0.5,0.5,0.625,1.125,0.346260387811634,0.25,0,0
"3319",102,25,0,2,0.157894736842105,0.333333333333333,0.315789473684211,0.649122807017544,0.364928909952607,0,0,0.333333333333333
"3320",472,122,0,12,0.201754385964912,0.241666666666667,0.385964912280702,0.627631578947368,0.30561555075594,0.173913043478261,0.0434782608695652,0.217391304347826
"3321",147,39,0,4,0.263157894736842,0.282051282051282,0.315789473684211,0.597840755735493,0.33125,0.2,0,0
"3322",42,11,0,0,0,0,0,0,0.329166666666667,0,0,0
"3323",241,59,0,10,0.30188679245283,0.372881355932203,0.433962264150943,0.806843620083147,0.33757225433526,0.25,0,0.0625
"3324",124,35,0,6,0.363636363636364,0.4,0.636363636363636,1.03636363636364,0.321428571428571,0.25,0,0.166666666666667
"3325",97,25,0,10,0.409090909090909,0.48,0.863636363636364,1.34363636363636,0.284237726098191,0.444444444444444,0,0.222222222222222
"3326",452,109,0,24,0.314606741573034,0.422018348623853,0.449438202247191,0.871456550871044,0.323215289488477,0.214285714285714,0,0.0714285714285714
"3327",221,52,1,9,0.255813953488372,0.384615384615385,0.558139534883721,0.942754919499106,0.303754266211604,0.363636363636364,0,0.272727272727273
"3328",106,24,0,10,0.4,0.5,0.65,1.15,0.323976608187135,0.25,0,0.125
"3329",100,28,0,4,0.269230769230769,0.321428571428571,0.307692307692308,0.629120879120879,0.284069097888676,0.142857142857143,0,0
"3330",160,42,0,4,0.189189189189189,0.268292682926829,0.27027027027027,0.5385629531971,0.294017094017094,0,0,0.142857142857143
"3331",308,80,0,15,0.323943661971831,0.4,0.563380281690141,0.963380281690141,0.315441176470588,0.217391304347826,0,0.173913043478261
"3332",270,69,0,7,0.245614035087719,0.347826086956522,0.333333333333333,0.681159420289855,0.304713804713805,0.142857142857143,0,0.0714285714285714
"3333",286,74,0,9,0.276923076923077,0.342465753424658,0.4,0.742465753424657,0.34070796460177,0.166666666666667,0.0555555555555556,0.0555555555555556
"3334",459,132,0,15,0.328125,0.338461538461538,0.4296875,0.768149038461538,0.344594594594595,0.0952380952380952,0,0.0714285714285714
"3335",609,153,0,18,0.272058823529412,0.339869281045752,0.448529411764706,0.788398692810458,0.336980306345733,0.189189189189189,0.027027027027027,0.135135135135135
"3336",160,42,0,3,0.205128205128205,0.261904761904762,0.384615384615385,0.646520146520147,0.296718972895863,0.125,0,0.25
"3337",120,37,0,8,0.411764705882353,0.459459459459459,0.588235294117647,1.04769475357711,0.313703284258211,0,0,0.142857142857143
"3338",13,3,0,0,0,0,0,0,0.303317535545024,0,0,0
"3339",34,8,0,0,0.142857142857143,0.25,0.142857142857143,0.392857142857143,0.36094674556213,0,0,0
"3340",216,52,0,9,0.288888888888889,0.365384615384615,0.577777777777778,0.943162393162393,0.30952380952381,0.307692307692308,0,0.230769230769231
"3341",26,6,0,2,0.2,0.333333333333333,0.8,1.13333333333333,0.2,0,0,1
"3342",115,27,0,3,0.391304347826087,0.481481481481481,0.434782608695652,0.916264090177134,0.356363636363636,0.111111111111111,0,0
"3343",112,30,0,7,0.307692307692308,0.344827586206897,0.576923076923077,0.921750663129973,0.272727272727273,0.125,0,0.25
"3344",144,39,0,7,0.34375,0.447368421052632,0.40625,0.853618421052632,0.29987293519695,0.181818181818182,0,0
"3345",62,15,0,5,0.5,0.6,0.583333333333333,1.18333333333333,0.310185185185185,0.166666666666667,0,0
"3346",270,69,0,7,0.21875,0.27536231884058,0.328125,0.60348731884058,0.295361127422196,0.0714285714285714,0,0.142857142857143
"3347",22,5,0,1,0.666666666666667,0.8,1,1.8,0.363636363636364,0.5,0,0
"3348",376,99,0,9,0.244186046511628,0.336734693877551,0.406976744186047,0.743711438063598,0.312649164677804,0.238095238095238,0,0.142857142857143
"3349",73,21,0,8,0.5,0.476190476190476,0.7,1.17619047619048,0.327272727272727,0.4,0,0
"3350",70,19,0,2,0.388888888888889,0.421052631578947,0.611111111111111,1.03216374269006,0.343470483005367,0.142857142857143,0,0.142857142857143
"3351",411,95,0,9,0.231707317073171,0.319148936170213,0.317073170731707,0.63622210690192,0.290633608815427,0.210526315789474,0,0.0526315789473684
"3352",157,42,0,4,0.162162162162162,0.261904761904762,0.351351351351351,0.613256113256113,0.273972602739726,0.166666666666667,0,0.333333333333333
"3353",213,51,0,7,0.2,0.294117647058824,0.355555555555556,0.649673202614379,0.319083969465649,0.444444444444444,0,0.111111111111111
"3354",164,43,0,4,0.236842105263158,0.325581395348837,0.263157894736842,0.588739290085679,0.312305295950156,0.111111111111111,0,0
"3355",107,34,0,3,0.206896551724138,0.294117647058824,0.344827586206897,0.63894523326572,0.375,0.166666666666667,0,0.166666666666667
"3356",56,20,0,7,0.388888888888889,0.45,0.888888888888889,1.33888888888889,0.333965844402277,0.142857142857143,0.142857142857143,0.285714285714286
"3357",506,134,0,12,0.264462809917355,0.323308270676692,0.396694214876033,0.720002485552725,0.323320158102767,0.125,0,0.125
"3358",275,66,0,6,0.189655172413793,0.253968253968254,0.206896551724138,0.460864805692392,0.332167832167832,0.0909090909090909,0,0
"3359",450,120,0,21,0.304761904761905,0.383333333333333,0.523809523809524,0.907142857142857,0.320437670965221,0.0625,0,0.21875
"3360",43,12,0,5,0.444444444444444,0.583333333333333,0.555555555555556,1.13888888888889,0.313131313131313,0.25,0,0
"3361",485,121,0,10,0.227272727272727,0.297520661157025,0.390909090909091,0.688429752066116,0.305204648812532,0.08,0.08,0.16
"3362",155,42,0,7,0.233333333333333,0.384615384615385,0.533333333333333,0.917948717948718,0.308529945553539,0,0,0.428571428571429
"3363",169,46,0,8,0.24390243902439,0.326086956521739,0.439024390243902,0.765111346765642,0.269633507853403,0.2,0,0.2
"3364",458,115,0,16,0.299065420560748,0.339130434782609,0.448598130841121,0.78772856562373,0.304704595185996,0.21875,0,0.09375
"3365",149,38,0,6,0.235294117647059,0.315789473684211,0.382352941176471,0.698142414860681,0.297872340425532,0.25,0,0.125
"3366",43,12,0,4,0.4,0.5,0.8,1.3,0.280748663101604,0.25,0,0.25
"3367",171,42,0,8,0.176470588235294,0.333333333333333,0.176470588235294,0.509803921568627,0.365853658536585,0,0,0
"3368",431,126,1,11,0.26271186440678,0.301587301587302,0.398305084745763,0.699892386333064,0.323436512950095,0.129032258064516,0,0.129032258064516
"3369",340,81,0,16,0.314285714285714,0.4,0.557142857142857,0.957142857142857,0.313120176405733,0.0909090909090909,0,0.227272727272727
"3370",59,19,0,6,0.470588235294118,0.526315789473684,1.29411764705882,1.82043343653251,0.306,0.25,0,0.5
"3371",156,41,0,7,0.341463414634146,0.341463414634146,0.609756097560976,0.951219512195122,0.32725321888412,0.142857142857143,0,0.214285714285714
"3372",152,37,0,3,0.290322580645161,0.405405405405405,0.387096774193548,0.792502179598954,0.272727272727273,0,0,0.111111111111111
"3373",106,27,0,5,0.44,0.481481481481481,0.56,1.04148148148148,0.296762589928058,0.272727272727273,0,0
"3374",56,13,0,1,0.2,0.384615384615385,0.2,0.584615384615385,0.339350180505415,0,0,0
"3375",82,19,0,4,0.4,0.526315789473684,0.466666666666667,0.992982456140351,0.309477756286267,0.166666666666667,0,0
"3376",382,105,0,10,0.22,0.242718446601942,0.34,0.582718446601942,0.316349809885932,0.136363636363636,0,0.136363636363636
"3377",198,49,0,3,0.131578947368421,0.3125,0.157894736842105,0.470394736842105,0.316753926701571,0.2,0,0
"3378",95,24,0,6,0.3,0.375,0.65,1.025,0.296127562642369,0.166666666666667,0,0.333333333333333
"3379",199,51,0,9,0.3,0.428571428571429,0.625,1.05357142857143,0.269598470363289,0.0833333333333333,0,0.333333333333333
"3380",108,29,0,1,0.24,0.344827586206897,0.32,0.664827586206897,0.268382352941176,0.333333333333333,0,0
"3381",4,2,0,1,0.5,0.5,2,2.5,0.325,0,0,1
"3382",195,50,0,2,0.0666666666666667,0.142857142857143,0.133333333333333,0.276190476190476,0.354098360655738,0,0,0.333333333333333
"3383",461,133,0,23,0.336206896551724,0.412213740458015,0.551724137931034,0.96393787838905,0.343434343434343,0.102564102564103,0,0.179487179487179
"3384",382,103,0,19,0.271739130434783,0.330097087378641,0.521739130434783,0.851836217813423,0.303448275862069,0.2,0,0.24
"3385",129,35,0,1,0.181818181818182,0.228571428571429,0.303030303030303,0.531601731601732,0.321070234113712,0.166666666666667,0,0.166666666666667
"3386",531,128,0,14,0.28448275862069,0.346456692913386,0.405172413793103,0.751629106706489,0.342749529190207,0.151515151515152,0,0.0909090909090909
"3387",63,19,0,4,0.181818181818182,0.473684210526316,0.181818181818182,0.655502392344498,0.25,0,0,0
"3388",215,56,0,9,0.32,0.392857142857143,0.48,0.872857142857143,0.326170376055257,0.125,0,0.125
"3389",322,78,0,17,0.263888888888889,0.320512820512821,0.569444444444444,0.889957264957265,0.316209476309227,0.210526315789474,0,0.315789473684211
"3390",32,6,0,2,0,0.666666666666667,0,0.666666666666667,0.311111111111111,0,0,0
"3391",428,112,0,14,0.245098039215686,0.306306306306306,0.411764705882353,0.718071012188659,0.309895833333333,0.2,0,0.16
"3392",212,56,0,10,0.38,0.436363636363636,0.58,1.01636363636364,0.335380835380835,0.105263157894737,0.0526315789473684,0.105263157894737
"3393",159,36,0,4,0.242424242424242,0.277777777777778,0.424242424242424,0.702020202020202,0.321928460342146,0.125,0.125,0.125
"3394",170,41,0,1,0.138888888888889,0.219512195121951,0.222222222222222,0.441734417344173,0.313274336283186,0,0,0.2
"3395",88,26,0,4,0.291666666666667,0.346153846153846,0.5,0.846153846153846,0.267123287671233,0.285714285714286,0,0.142857142857143
"3396",173,48,0,9,0.325,0.4,0.425,0.825,0.347931873479319,0.0769230769230769,0,0.0769230769230769
"3397",49,11,0,2,0.5,0.636363636363636,0.625,1.26136363636364,0.327800829875519,0.25,0,0
"3398",459,118,0,12,0.281553398058252,0.358974358974359,0.485436893203884,0.844411252178243,0.324022346368715,0.310344827586207,0,0.137931034482759
"3399",158,40,0,10,0.4,0.475,0.857142857142857,1.33214285714286,0.310734463276836,0.0714285714285714,0,0.357142857142857
"3400",29,6,0,2,0.4,0.5,0.8,1.3,0.312101910828025,0,0.5,0
"3401",526,133,1,20,0.28448275862069,0.358778625954198,0.517241379310345,0.876020005264543,0.290829694323144,0.0909090909090909,0,0.242424242424242
"3402",35,12,0,0,0.25,0.25,0.333333333333333,0.583333333333333,0.230769230769231,0.333333333333333,0,0
"3403",82,20,0,5,0.466666666666667,0.6,0.533333333333333,1.13333333333333,0.336633663366337,0.142857142857143,0,0
"3404",37,9,0,4,0.571428571428571,0.555555555555556,0.714285714285714,1.26984126984127,0.325581395348837,0.25,0,0
"3405",27,6,0,4,0.333333333333333,0.666666666666667,0.333333333333333,1,0.5,0,0,0
"3406",536,147,0,11,0.214285714285714,0.251700680272109,0.307142857142857,0.558843537414966,0.308720560152769,0.133333333333333,0,0.1
"3407",331,80,0,11,0.208333333333333,0.2875,0.388888888888889,0.676388888888889,0.316011235955056,0.0666666666666667,0,0.266666666666667
"3408",151,40,0,7,0.368421052631579,0.375,0.473684210526316,0.848684210526316,0.331738437001595,0.0714285714285714,0,0.0714285714285714
"3409",314,78,0,11,0.253731343283582,0.350649350649351,0.373134328358209,0.72378367900756,0.333333333333333,0.117647058823529,0,0.117647058823529
"3410",155,41,0,13,0.527777777777778,0.536585365853659,0.888888888888889,1.42547425474255,0.330188679245283,0.210526315789474,0,0.157894736842105
"3411",194,49,0,4,0.2,0.26530612244898,0.244444444444444,0.509750566893424,0.339593114241002,0,0.111111111111111,0
"3412",195,50,0,4,0.177777777777778,0.26,0.355555555555556,0.615555555555556,0.32398316970547,0.25,0,0.25
"3413",45,15,0,4,0.333333333333333,0.333333333333333,0.733333333333333,1.06666666666667,0.319294809010774,0,0,0.4
"3414",9,2,0,1,0,1,0,1,0.344036697247706,0,0,0
"3415",7,3,0,1,0.5,0.666666666666667,0.5,1.16666666666667,0.314917127071823,0,0,0
"3416",101,25,0,6,0.333333333333333,0.44,0.666666666666667,1.10666666666667,0.348045397225725,0.142857142857143,0,0.285714285714286
"3417",67,12,0,1,0.2,0.333333333333333,0.2,0.533333333333333,0.319303338171263,0,0,0
"3418",107,27,0,1,0.25,0.333333333333333,0.416666666666667,0.75,0.299180327868852,0.166666666666667,0,0.166666666666667
"3419",14,4,0,0,0,0,0,0,0.333333333333333,0,0,0
"3420",189,46,0,8,0.263157894736842,0.391304347826087,0.394736842105263,0.78604118993135,0.312807881773399,0.2,0,0.1
"3421",206,49,0,7,0.302325581395349,0.387755102040816,0.465116279069767,0.852871381110584,0.31413612565445,0.0769230769230769,0,0.153846153846154
"3422",13,3,0,1,0.333333333333333,0.333333333333333,0.333333333333333,0.666666666666667,0.307553956834532,0,0,0
"3423",74,13,0,1,0.166666666666667,0.230769230769231,0.416666666666667,0.647435897435897,0.370179948586118,0,0,0.5
"3424",62,18,0,4,0.3125,0.388888888888889,0.3125,0.701388888888889,0.347619047619048,0,0,0
"3425",60,14,0,3,0.384615384615385,0.428571428571429,0.769230769230769,1.1978021978022,0.30635838150289,0.4,0,0.2
"3426",42,12,0,3,0.3,0.416666666666667,0.5,0.916666666666667,0.344800625488663,0.666666666666667,0,0
"3427",105,28,0,1,0.227272727272727,0.392857142857143,0.227272727272727,0.62012987012987,0.312775330396476,0,0,0
"3428",47,13,0,2,0.363636363636364,0.384615384615385,0.727272727272727,1.11188811188811,0.363534675615213,0.25,0,0.25
"3429",145,35,0,2,0.241379310344828,0.371428571428571,0.379310344827586,0.750738916256158,0.349593495934959,0.142857142857143,0,0.142857142857143
"3430",132,35,0,2,0.21875,0.257142857142857,0.34375,0.600892857142857,0.27831715210356,0.142857142857143,0,0.142857142857143
"3431",90,27,0,6,0.304347826086957,0.407407407407407,0.347826086956522,0.755233494363929,0.344569288389513,0.142857142857143,0,0
"3432",35,8,0,0,0,0.25,0,0.25,0.272727272727273,0,0,0
"3433",135,33,0,6,0.266666666666667,0.333333333333333,0.4,0.733333333333333,0.339160839160839,0.125,0,0.125
"3434",112,31,0,8,0.392857142857143,0.419354838709677,0.714285714285714,1.13364055299539,0.301980198019802,0.0909090909090909,0.0909090909090909,0.181818181818182
"3435",65,12,0,7,0.666666666666667,0.75,0.888888888888889,1.63888888888889,0.397260273972603,0.333333333333333,0,0
"3436",59,18,0,2,0.470588235294118,0.5,0.823529411764706,1.32352941176471,0.308510638297872,0.375,0,0.125
"3437",41,9,0,3,0.625,0.666666666666667,0.625,1.29166666666667,0.307692307692308,0,0,0
"3438",218,60,0,7,0.222222222222222,0.288135593220339,0.37037037037037,0.658505963590709,0.322191780821918,0.166666666666667,0,0.166666666666667
"3439",110,30,0,3,0.36,0.366666666666667,0.4,0.766666666666667,0.351602895553258,0.111111111111111,0,0
"3440",51,13,0,1,0.0909090909090909,0.230769230769231,0.0909090909090909,0.321678321678322,0.295454545454545,0,0,0
"3441",70,19,0,5,0.3125,0.368421052631579,0.625,0.993421052631579,0.355263157894737,0.4,0,0.2
"3442",13,3,0,0,0,0,0,0,0.361266294227188,0,0,0
"3443",64,22,0,5,0.263157894736842,0.363636363636364,0.368421052631579,0.732057416267943,0.368421052631579,0.4,0,0
"3444",57,15,0,5,0.466666666666667,0.466666666666667,0.933333333333333,1.4,0.31390134529148,0.142857142857143,0,0.285714285714286
"3445",181,52,0,7,0.304347826086957,0.372549019607843,0.5,0.872549019607843,0.340956340956341,0.285714285714286,0.0714285714285714,0.0714285714285714
"3446",208,48,0,3,0.288888888888889,0.333333333333333,0.355555555555556,0.688888888888889,0.317269076305221,0,0,0.0769230769230769
"3447",89,24,0,2,0.260869565217391,0.291666666666667,0.304347826086957,0.596014492753623,0.367387033398821,0.166666666666667,0,0
"3448",66,17,0,1,0.176470588235294,0.176470588235294,0.176470588235294,0.352941176470588,0.33652312599681,0,0,0
"3449",66,18,0,0,0.222222222222222,0.222222222222222,0.222222222222222,0.444444444444444,0.339066339066339,0,0,0
"3450",62,15,0,3,0.214285714285714,0.2,0.642857142857143,0.842857142857143,0.306451612903226,0.333333333333333,0.333333333333333,0.333333333333333
"3451",88,22,0,2,0.4,0.454545454545455,0.45,0.904545454545455,0.343598055105348,0.125,0,0
"3452",127,32,0,6,0.387096774193548,0.387096774193548,0.709677419354839,1.09677419354839,0.332452081956378,0.333333333333333,0,0.166666666666667
"3453",32,9,0,0,0.25,0.333333333333333,0.375,0.708333333333333,0.311050477489768,0.5,0,0
"3454",83,23,0,4,0.409090909090909,0.391304347826087,0.681818181818182,1.07312252964427,0.393258426966292,0.333333333333333,0,0.111111111111111
"3455",46,13,0,1,0.307692307692308,0.307692307692308,0.307692307692308,0.615384615384615,0.349794238683128,0,0,0
"3456",155,42,0,5,0.194444444444444,0.30952380952381,0.222222222222222,0.531746031746032,0.315638450502152,0.142857142857143,0,0
"3457",40,10,0,4,0.285714285714286,0.444444444444444,0.857142857142857,1.3015873015873,0.334146341463415,0.5,0,0.5
"3458",50,13,0,4,0.5,0.538461538461538,1,1.53846153846154,0.36222005842259,0.5,0,0.166666666666667
"3459",31,9,0,2,0.5,0.555555555555556,0.5,1.05555555555556,0.364963503649635,0,0,0
"3460",51,11,0,1,0.0909090909090909,0.0909090909090909,0.363636363636364,0.454545454545455,0.320113314447592,0,0,1
"3461",100,24,0,2,0.291666666666667,0.291666666666667,0.416666666666667,0.708333333333333,0.331908831908832,0,0,0.142857142857143
"3462",71,18,0,6,0.4375,0.5,0.875,1.375,0.293729372937294,0.571428571428571,0,0.142857142857143
"3463",16,6,0,0,0.4,0.5,0.4,0.9,0.316129032258064,0,0,0
"3464",39,11,0,0,0.1,0.181818181818182,0.1,0.281818181818182,0.287190082644628,0,0,0
"3465",95,27,0,4,0.28,0.307692307692308,0.4,0.707692307692308,0.258064516129032,0,0,0.142857142857143
"3466",11,2,0,0,0.5,0.5,0.5,1,0.5,0,0,0
"3467",134,33,0,1,0.142857142857143,0.272727272727273,0.178571428571429,0.451298701298701,0.312098991750687,0.25,0,0
"3468",36,8,0,0,0.25,0.25,0.375,0.625,0.3486529318542,0.5,0,0
"3469",47,11,0,0,0.111111111111111,0.272727272727273,0.111111111111111,0.383838383838384,0.34125636672326,0,0,0
"3470",39,10,0,0,0.1,0.1,0.1,0.2,0.273858921161826,0,0,0
"3471",241,60,0,10,0.274509803921569,0.383333333333333,0.509803921568627,0.893137254901961,0.338160136286201,0.428571428571429,0,0.142857142857143
"3472",100,25,0,4,0.291666666666667,0.32,0.458333333333333,0.778333333333333,0.286516853932584,0.142857142857143,0,0.142857142857143
"3473",36,12,0,5,0.545454545454545,0.583333333333333,1.09090909090909,1.67424242424242,0.331292517006803,0.5,0,0.166666666666667
"3474",208,56,0,6,0.176470588235294,0.25,0.411764705882353,0.661764705882353,0.323069852941176,0,0,0.444444444444444
"3475",55,14,0,1,0.181818181818182,0.357142857142857,0.272727272727273,0.62987012987013,0.368,0.5,0,0
"3476",137,39,0,8,0.235294117647059,0.315789473684211,0.352941176470588,0.668730650154799,0.327510917030568,0.125,0,0.125
"3477",52,10,0,3,0.25,0.4,0.25,0.65,0.347058823529412,0,0,0
"3478",50,13,0,0,0.461538461538462,0.461538461538462,0.538461538461538,1,0.346260387811634,0.166666666666667,0,0
"3479",113,27,0,1,0.2,0.259259259259259,0.24,0.499259259259259,0.364928909952607,0.2,0,0
"3480",183,44,0,5,0.214285714285714,0.25,0.404761904761905,0.654761904761905,0.30561555075594,0.222222222222222,0,0.222222222222222
"3481",87,22,0,1,0.166666666666667,0.272727272727273,0.222222222222222,0.494949494949495,0.33125,0.333333333333333,0,0
"3482",116,30,0,3,0.379310344827586,0.4,0.551724137931034,0.951724137931034,0.329166666666667,0.181818181818182,0,0.0909090909090909
"3483",11,4,0,0,0.25,0.25,0.25,0.5,0.30939226519337,0,0,0
"3484",47,14,0,1,0.166666666666667,0.285714285714286,0.166666666666667,0.452380952380952,0.351906158357771,0,0,0
"3485",205,56,0,10,0.208333333333333,0.321428571428571,0.3125,0.633928571428571,0.33757225433526,0.3,0.1,0
"3486",97,26,0,3,0.153846153846154,0.153846153846154,0.269230769230769,0.423076923076923,0.321428571428571,0,0,0.25
"3487",67,18,0,0,0.176470588235294,0.176470588235294,0.176470588235294,0.352941176470588,0.284237726098191,0,0,0
"3488",21,4,0,2,0.75,0.75,0.75,1.5,0.303754266211604,0,0,0
"3489",47,10,0,5,0.428571428571429,0.6,0.714285714285714,1.31428571428571,0.33112582781457,0.666666666666667,0,0
"3490",10,5,0,0,0,0.2,0,0.2,0.323976608187135,0,0,0
"3491",139,38,0,4,0.314285714285714,0.368421052631579,0.457142857142857,0.825563909774436,0.294017094017094,0.181818181818182,0,0.0909090909090909
"3492",130,32,0,2,0.333333333333333,0.34375,0.466666666666667,0.810416666666667,0.315441176470588,0.1,0,0.1
"3493",8,3,0,0,0,0,0,0,0.304713804713805,0,0,0
"3494",35,8,0,0,0.2,0.5,0.2,0.7,0.34070796460177,0,0,0
"3495",151,35,0,12,0.419354838709677,0.457142857142857,0.903225806451613,1.36036866359447,0.344594594594595,0.230769230769231,0,0.307692307692308
"3496",155,38,0,8,0.354838709677419,0.421052631578947,0.580645161290323,1.00169779286927,0.336980306345733,0.363636363636364,0,0.0909090909090909
"3497",24,5,0,1,0.333333333333333,0.6,0.333333333333333,0.933333333333333,0.296718972895863,0,0,0
"3498",46,13,0,1,0.272727272727273,0.384615384615385,0.545454545454545,0.93006993006993,0.313703284258211,0,0,0.333333333333333
"3499",9,2,0,0,0.5,0.5,0.5,1,0.36094674556213,0,0,0
"3500",74,20,0,6,0.411764705882353,0.45,0.647058823529412,1.09705882352941,0.30952380952381,0.142857142857143,0,0.142857142857143
"3501",35,8,0,4,0.666666666666667,0.75,1.66666666666667,2.41666666666667,0.2,0,0,0.5
"3502",95,25,0,2,0.260869565217391,0.32,0.391304347826087,0.711304347826087,0.356363636363636,0,0,0.166666666666667
"3503",81,19,0,1,0.125,0.263157894736842,0.1875,0.450657894736842,0.272727272727273,0.5,0,0
"3504",18,3,0,0,0,0.333333333333333,0,0.333333333333333,0.29987293519695,0,0,0
"3505",65,13,0,2,0.0909090909090909,0.230769230769231,0.0909090909090909,0.321678321678322,0.310185185185185,0,0,0
"3506",188,53,0,5,0.306122448979592,0.358490566037736,0.428571428571429,0.787061994609164,0.312649164677804,0.2,0,0.0666666666666667
"3507",60,15,0,2,0.166666666666667,0.333333333333333,0.666666666666667,1,0.273972602739726,0,0,1
"3508",22,9,0,0,0.333333333333333,0.333333333333333,0.444444444444444,0.777777777777778,0.319083969465649,0.333333333333333,0,0
"3509",24,7,0,4,0.4,0.571428571428571,1,1.57142857142857,0.312305295950156,0,0,0.5
"3510",27,5,0,1,0.5,0.6,0.75,1.35,0.375,0.5,0,0
"3511",26,6,0,0,0,0,0,0,0.333965844402277,0,0,0
"3512",105,34,0,3,0.366666666666667,0.393939393939394,0.466666666666667,0.860606060606061,0.323320158102767,0,0,0.0909090909090909
"3513",65,15,0,0,0.0666666666666667,0.0666666666666667,0.0666666666666667,0.133333333333333,0.332167832167832,0,0,0
"3514",204,57,0,5,0.25,0.263157894736842,0.375,0.638157894736842,0.320437670965221,0.0714285714285714,0,0.142857142857143
"3515",177,50,0,5,0.225,0.38,0.25,0.63,0.305204648812532,0.111111111111111,0,0
"3516",39,8,0,2,0.333333333333333,0.5,0.833333333333333,1.33333333333333,0.308529945553539,0,0,0.5
"3517",47,12,0,4,0.5,0.5,1.08333333333333,1.58333333333333,0.269633507853403,0.166666666666667,0,0.333333333333333
"3518",135,29,0,1,0.103448275862069,0.103448275862069,0.206896551724138,0.310344827586207,0.304704595185996,0,0,0.333333333333333
"3519",116,28,0,3,0.28,0.357142857142857,0.44,0.797142857142857,0.297872340425532,0.142857142857143,0,0.142857142857143
"3520",31,10,0,2,0.375,0.5,0.75,1.25,0.365853658536585,0,0,0.333333333333333
"3521",175,45,0,3,0.142857142857143,0.2,0.285714285714286,0.485714285714286,0.323436512950095,0,0,0.333333333333333
"3522",40,11,0,1,0.3,0.363636363636364,0.6,0.963636363636364,0.352941176470588,0,0,0.333333333333333
"3523",11,4,0,3,1,1,1.5,2.5,0.313120176405733,0.5,0,0
"3524",14,4,0,2,0.75,0.75,1,1.75,0.75,0.333333333333333,0,0
"3525",8,1,0,0,0,0,0,0,0.3,0,0,0
"3526",17,5,0,0,0.2,0.2,0.2,0.4,0.306,0,0,0
"3527",13,4,0,3,0.666666666666667,0.75,1,1.75,0.35632183908046,0.5,0,0
"3528",66,19,0,4,0.277777777777778,0.315789473684211,0.666666666666667,0.982456140350877,0.32725321888412,0.2,0,0.4
"3529",58,19,0,6,0.5,0.588235294117647,1.14285714285714,1.73109243697479,0.272727272727273,0,0,0.428571428571429
"3530",72,20,0,3,0.333333333333333,0.35,0.333333333333333,0.683333333333333,0.296762589928058,0,0,0
"3531",135,35,0,7,0.40625,0.457142857142857,0.625,1.08214285714286,0.316349809885932,0.0769230769230769,0,0.153846153846154
"3532",17,6,0,0,0.6,0.6,0.6,1.2,0.322916666666667,0,0,0
"3533",88,24,0,3,0.333333333333333,0.478260869565217,0.333333333333333,0.811594202898551,0.316753926701571,0,0,0
"3534",8,3,0,0,0,0,0,0,0.296127562642369,0,0,0
"3535",33,9,0,2,0.25,0.333333333333333,0.625,0.958333333333333,0.325,0,0,0.5
"3536",27,7,0,0,0,0.142857142857143,0,0.142857142857143,0.354098360655738,0,0,0
"3537",115,32,0,2,0.296296296296296,0.366666666666667,0.333333333333333,0.7,0.303448275862069,0.125,0,0
"3538",106,27,0,1,0.192307692307692,0.222222222222222,0.269230769230769,0.491452991452991,0.321070234113712,0,0.2,0
"3539",134,31,0,8,0.407407407407407,0.483870967741935,0.703703703703704,1.18757467144564,0.342749529190207,0.181818181818182,0,0.181818181818182
"3540",18,5,0,3,0.6,0.6,1.8,2.4,0.326170376055257,0,0,0.666666666666667
"3541",93,20,0,1,0.222222222222222,0.3,0.222222222222222,0.522222222222222,0.309895833333333,0,0,0
"3542",32,8,0,2,0.25,0.25,0.375,0.625,0.335380835380835,0.5,0,0
"3543",16,3,0,0,0,0,0,0,0.321928460342146,0,0,0
"3544",23,6,0,1,0.5,0.5,0.5,1,0.313274336283186,0,0,0
"3545",36,10,0,2,0.4,0.4,0.7,1.1,0.347931873479319,0,0,0.25
"3546",37,12,0,3,0.5,0.583333333333333,0.5,1.08333333333333,0.324022346368715,0,0,0
"3547",14,5,0,2,0.75,0.6,0.75,1.35,0.310734463276836,0,0,0
"3548",28,7,0,4,0.5,0.571428571428571,1.16666666666667,1.73809523809524,0.290829694323144,0.333333333333333,0,0.333333333333333
"3549",19,4,0,0,0,0.25,0,0.25,0.230769230769231,0,0,0
"3550",121,31,0,3,0.178571428571429,0.258064516129032,0.357142857142857,0.615207373271889,0.308720560152769,0.4,0,0.2
"3551",47,11,0,2,0.363636363636364,0.363636363636364,0.545454545454545,0.909090909090909,0.316011235955056,0.5,0,0
"3552",16,6,0,1,0.5,0.5,1,1.5,0.331738437001595,0,0,0.333333333333333
"3553",40,12,0,3,0.4,0.5,0.8,1.3,0.333333333333333,0.25,0,0.25
"3554",28,6,0,0,0,0.166666666666667,0,0.166666666666667,0.330188679245283,0,0,0
"3555",29,6,0,0,0.166666666666667,0.166666666666667,0.333333333333333,0.5,0.339593114241002,1,0,0
"3556",26,6,0,3,0.5,0.666666666666667,1.25,1.91666666666667,0.32398316970547,0,0,0.5
"3557",71,19,0,5,0.352941176470588,0.421052631578947,0.764705882352941,1.18575851393189,0.319294809010774,0.166666666666667,0,0.333333333333333
"3558",49,12,0,3,0.333333333333333,0.5,0.666666666666667,1.16666666666667,0.344036697247706,1,0,0
"3559",24,7,0,2,0.285714285714286,0.285714285714286,0.428571428571429,0.714285714285714,0.314917127071823,0.5,0,0
"3560",88,23,0,3,0.166666666666667,0.347826086956522,0.5,0.847826086956522,0.348045397225725,0,0,0.666666666666667
"3561",36,9,0,3,0.2,0.555555555555556,0.6,1.15555555555556,0.319303338171263,0,1,0
"3562",74,17,0,5,0.466666666666667,0.529411764705882,0.6,1.12941176470588,0.333793103448276,0.285714285714286,0,0
"3563",48,14,0,0,0.153846153846154,0.214285714285714,0.153846153846154,0.368131868131868,0.299180327868852,0,0,0
"3564",82,19,0,4,0.307692307692308,0.526315789473684,0.615384615384615,1.1417004048583,0.333333333333333,0.25,0,0.25
"3565",82,21,0,4,0.333333333333333,0.428571428571429,0.777777777777778,1.20634920634921,0.362694300518135,0.333333333333333,0,0.333333333333333
"3566",207,50,0,3,0.222222222222222,0.3,0.288888888888889,0.588888888888889,0.315673289183223,0,0,0.1
"3567",183,53,1,5,0.217391304347826,0.320754716981132,0.282608695652174,0.603363412633306,0.312989045383412,0.3,0,0
"3568",30,7,0,0,0.2,0.428571428571429,0.2,0.628571428571429,0.206896551724138,0,0,0
"3569",66,15,1,0,0.153846153846154,0.266666666666667,0.153846153846154,0.420512820512821,0.370179948586118,0,0,0
"3570",57,16,0,0,0.1875,0.1875,0.1875,0.375,0.347619047619048,0,0,0
"3571",12,4,0,0,0,0,0,0,0.30635838150289,0,0,0
"3572",60,18,0,2,0.375,0.444444444444444,0.4375,0.881944444444444,0.344800625488663,0.166666666666667,0,0
"3573",79,17,0,1,0.2,0.294117647058824,0.266666666666667,0.56078431372549,0.27831715210356,0.333333333333333,0,0
"3574",79,22,0,8,0.444444444444444,0.545454545454545,1.11111111111111,1.65656565656566,0.344569288389513,0.375,0,0.375
"3575",71,17,0,4,0.384615384615385,0.529411764705882,0.461538461538462,0.990950226244344,0.31986531986532,0.2,0,0
"3576",89,27,0,3,0.333333333333333,0.37037037037037,0.333333333333333,0.703703703703704,0.339160839160839,0,0,0
"3577",100,25,0,2,0.25,0.24,0.416666666666667,0.656666666666667,0.301980198019802,0.166666666666667,0,0.166666666666667
"3578",28,10,0,1,0.375,0.5,0.5,1,0.308510638297872,0.333333333333333,0,0
"3579",57,16,0,4,0.428571428571429,0.5,0.571428571428571,1.07142857142857,0.352226720647773,0.333333333333333,0,0
"3580",25,5,0,0,0.2,0.2,0.2,0.4,0.326241134751773,0,0,0
"3581",96,23,0,0,0.1,0.217391304347826,0.1,0.317391304347826,0.341836734693878,0,0,0
"3582",132,25,0,3,0.157894736842105,0.32,0.263157894736842,0.583157894736842,0.244444444444444,0.666666666666667,0,0
"3583",197,52,0,10,0.319148936170213,0.384615384615385,0.574468085106383,0.959083469721768,0.331349206349206,0.2,0,0.2
"3584",97,28,0,3,0.291666666666667,0.392857142857143,0.541666666666667,0.93452380952381,0.347305389221557,0.428571428571429,0,0.142857142857143
"3585",189,53,0,7,0.34,0.365384615384615,0.52,0.885384615384615,0.31390134529148,0.352941176470588,0,0.0588235294117647
"3586",116,28,0,8,0.391304347826087,0.5,0.782608695652174,1.28260869565217,0.33652312599681,0,0,0.333333333333333
"3587",94,23,0,1,0.0952380952380952,0.173913043478261,0.0952380952380952,0.269151138716356,0.339066339066339,0,0,0
"3588",19,6,0,0,0,0.166666666666667,0,0.166666666666667,0.306451612903226,0,0,0
"3589",53,15,0,1,0.166666666666667,0.285714285714286,0.416666666666667,0.702380952380952,0.343598055105348,0,0,0.5
"3590",80,21,0,4,0.210526315789474,0.285714285714286,0.421052631578947,0.706766917293233,0.311050477489768,0.25,0,0.25
"3591",99,26,0,7,0.304347826086957,0.384615384615385,0.826086956521739,1.21070234113712,0.291803278688525,0.142857142857143,0.142857142857143,0.428571428571429
"3592",18,4,0,1,0,0.5,0,0.5,0.454545454545455,0,0,0
"3593",84,26,0,4,0.230769230769231,0.230769230769231,0.384615384615385,0.615384615384615,0.315638450502152,0.166666666666667,0,0.166666666666667
"3594",169,51,0,7,0.276595744680851,0.313725490196078,0.382978723404255,0.696704213600334,0.265625,0.153846153846154,0,0.0769230769230769
"3595",111,24,1,3,0.263157894736842,0.375,0.421052631578947,0.796052631578947,0.315217391304348,0,0,0.2
"3596",92,26,0,1,0.181818181818182,0.307692307692308,0.181818181818182,0.48951048951049,0.307692307692308,0,0,0
"3597",17,3,0,0,0.5,0.666666666666667,0.5,1.16666666666667,0.384615384615385,0,0,0
"3598",170,38,0,3,0.257142857142857,0.315789473684211,0.371428571428571,0.687218045112782,0.36222005842259,0.111111111111111,0,0.111111111111111
"3599",39,8,0,1,0.25,0.25,0.375,0.625,0.339350180505415,0.5,0,0
"3600",65,18,0,0,0.133333333333333,0.235294117647059,0.133333333333333,0.368627450980392,0.350951374207188,0,0,0
"3601",173,44,0,7,0.325,0.363636363636364,0.6,0.963636363636364,0.331908831908832,0.384615384615385,0,0.153846153846154
"3602",61,15,0,2,0,0.0666666666666667,0,0.0666666666666667,0.294117647058824,0,0,0
"3603",88,22,0,1,0.142857142857143,0.181818181818182,0.380952380952381,0.562770562770563,0.293729372937294,0.666666666666667,0,0.333333333333333
"3604",90,24,0,3,0.111111111111111,0.304347826086957,0.277777777777778,0.582125603864734,0.287190082644628,0,0,0.5
"3605",183,51,0,1,0.162790697674419,0.244897959183673,0.209302325581395,0.454200284765069,0.301424050632911,0.285714285714286,0,0
"3606",160,47,0,8,0.365853658536585,0.382978723404255,0.463414634146341,0.846393357550597,0.301282051282051,0.266666666666667,0,0
"3607",88,24,0,0,0.208333333333333,0.208333333333333,0.291666666666667,0.5,0.258278145695364,0,0.2,0
"3608",75,17,0,1,0.0666666666666667,0.117647058823529,0.133333333333333,0.250980392156863,0.312098991750687,1,0,0
"3609",30,10,0,1,0.333333333333333,0.4,0.333333333333333,0.733333333333333,0.3486529318542,0,0,0
"3610",44,14,0,0,0.0833333333333333,0.214285714285714,0.166666666666667,0.380952380952381,0.34125636672326,1,0,0
"3611",20,6,0,0,0,0,0,0,0.273858921161826,0,0,0
"3612",6,1,0,0,1,1,2,3,0.333333333333333,1,0,0
"3613",185,43,0,2,0.15,0.209302325581395,0.2,0.409302325581395,0.338160136286201,0.333333333333333,0,0
"3614",46,12,0,2,0.111111111111111,0.333333333333333,0.111111111111111,0.444444444444444,0.286516853932584,0,0,0
"3615",90,26,0,10,0.478260869565217,0.538461538461538,0.826086956521739,1.36454849498328,0.386861313868613,0,0.0909090909090909,0.181818181818182
"3616",44,14,0,3,0.3,0.428571428571429,0.4,0.828571428571429,0.24,0.333333333333333,0,0
"3617",186,46,0,7,0.275,0.369565217391304,0.525,0.894565217391304,0.323069852941176,0.0909090909090909,0,0.272727272727273
"3618",21,4,0,3,0,0.75,0,0.75,0.368,0,0,0
"3619",95,22,0,3,0.352941176470588,0.5,0.705882352941177,1.20588235294118,0.327510917030568,0.5,0,0.166666666666667
"3620",6,2,0,1,1,1,1,2,0.268292682926829,0,0,0
"3621",30,10,0,1,0.125,0.3,0.125,0.425,0.322456813819578,0,0,0
"3622",179,47,0,1,0.136363636363636,0.191489361702128,0.159090909090909,0.350580270793037,0.28735632183908,0.166666666666667,0,0
"3623",64,19,0,3,0.375,0.411764705882353,0.375,0.786764705882353,0.347058823529412,0,0,0
"3624",42,11,0,1,0.4,0.454545454545455,0.7,1.15454545454545,0.364928909952607,0,0,0.25
"3625",10,2,0,0,0,0,0,0,0.311111111111111,0,0,0
"3626",46,16,0,3,0.3125,0.3125,0.4375,0.75,0.33125,0.4,0,0
"3627",68,16,0,6,0.461538461538462,0.5625,0.923076923076923,1.48557692307692,0.351906158357771,0,0,0.333333333333333
"3628",83,19,0,3,0.3125,0.421052631578947,0.5625,0.983552631578947,0.33757225433526,0.2,0,0.2
"3629",36,11,0,5,0.454545454545455,0.454545454545455,1.54545454545455,2,0.321428571428571,0,0,0.8
"3630",78,19,0,1,0.235294117647059,0.315789473684211,0.294117647058824,0.609907120743034,0.284237726098191,0.25,0,0
"3631",169,43,0,5,0.256410256410256,0.302325581395349,0.307692307692308,0.610017889087657,0.323215289488477,0.2,0,0
"3632",70,20,0,3,0.235294117647059,0.35,0.588235294117647,0.938235294117647,0.325657894736842,0,0,0.5
"3633",82,17,0,3,0.166666666666667,0.411764705882353,0.416666666666667,0.82843137254902,0.305587229190422,0,0,0.5
"3634",103,30,0,2,0.296296296296296,0.366666666666667,0.407407407407407,0.774074074074074,0.294017094017094,0,0,0.125
"3635",124,27,0,0,0.227272727272727,0.346153846153846,0.227272727272727,0.573426573426573,0.2997542997543,0,0,0
"3636",78,24,0,6,0.45,0.521739130434783,0.85,1.37173913043478,0.344827586206897,0.222222222222222,0,0.222222222222222
"3637",86,26,0,1,0.227272727272727,0.307692307692308,0.272727272727273,0.58041958041958,0.346534653465347,0.2,0,0
"3638",199,55,0,5,0.244897959183673,0.314814814814815,0.306122448979592,0.620937263794407,0.301255230125523,0.25,0,0
"3639",149,39,0,9,0.2,0.473684210526316,0.32,0.793684210526316,0.275816993464052,0,0,0.2
"3640",123,24,0,4,0.2,0.333333333333333,0.35,0.683333333333333,0.296718972895863,0.75,0,0
"3641",64,17,0,2,0.4,0.470588235294118,0.4,0.870588235294118,0.313703284258211,0,0,0
"3642",35,9,0,0,0.25,0.333333333333333,0.25,0.583333333333333,0.30952380952381,0,0,0
"3643",38,12,0,2,0.454545454545455,0.416666666666667,0.545454545454545,0.962121212121212,0.356363636363636,0.2,0,0
"3644",59,16,0,2,0.307692307692308,0.4,0.384615384615385,0.784615384615385,0.278372591006424,0.25,0,0
"3645",40,13,0,1,0.272727272727273,0.384615384615385,0.272727272727273,0.657342657342657,0.284069097888676,0,0,0
"3646",99,24,0,2,0.263157894736842,0.347826086956522,0.315789473684211,0.663615560640732,0.29987293519695,0.2,0,0
"3647",196,55,0,4,0.326923076923077,0.363636363636364,0.384615384615385,0.748251748251748,0.295361127422196,0.176470588235294,0,0
"3648",96,28,0,3,0.25,0.357142857142857,0.333333333333333,0.69047619047619,0.312649164677804,0.333333333333333,0,0
"3649",78,20,0,1,0.157894736842105,0.2,0.157894736842105,0.357894736842105,0.343470483005367,0,0,0
"3650",198,46,0,5,0.243243243243243,0.369565217391304,0.486486486486487,0.856051703877791,0.290633608815427,0.111111111111111,0.111111111111111,0.222222222222222
"3651",6,1,0,0,0,1,0,1,0.273972602739726,0,0,0
"3652",78,17,0,0,0.285714285714286,0.352941176470588,0.285714285714286,0.638655462184874,0.319083969465649,0,0,0
"3653",12,3,0,3,0,0.666666666666667,0,0.666666666666667,0.375,0,0,0
"3654",18,5,0,0,0,0,0,0,0.333965844402277,0,0,0
"3655",200,50,0,7,0.155555555555556,0.24,0.266666666666667,0.506666666666667,0.323320158102767,0.285714285714286,0,0.142857142857143
"3656",99,27,0,2,0.192307692307692,0.222222222222222,0.307692307692308,0.52991452991453,0.320437670965221,0,0,0.2
"3657",96,26,0,0,0.227272727272727,0.346153846153846,0.227272727272727,0.573426573426573,0.305204648812532,0,0,0
"3658",64,16,0,2,0.4,0.375,0.466666666666667,0.841666666666667,0.308529945553539,0.166666666666667,0,0
"3659",95,26,0,1,0.04,0.0769230769230769,0.16,0.236923076923077,0.304704595185996,0,0,1
"3660",43,7,0,0,0,0.285714285714286,0,0.285714285714286,0.297872340425532,0,0,0
"3661",49,11,0,0,0.2,0.272727272727273,0.3,0.572727272727273,0.280748663101604,0.5,0,0
"3662",80,20,0,2,0.0714285714285714,0.35,0.0714285714285714,0.421428571428571,0.365853658536585,0,0,0
"3663",188,45,0,4,0.25,0.333333333333333,0.275,0.608333333333333,0.313120176405733,0.1,0,0
"3664",59,14,0,1,0.166666666666667,0.285714285714286,0.166666666666667,0.452380952380952,0.326424870466321,0,0,0
"3665",185,45,0,6,0.162162162162162,0.311111111111111,0.405405405405405,0.716516516516517,0.319057815845824,0.5,0,0.333333333333333
"3666",50,14,0,2,0.214285714285714,0.214285714285714,0.357142857142857,0.571428571428571,0.296762589928058,0.666666666666667,0,0
"3667",210,56,0,6,0.3,0.357142857142857,0.38,0.737142857142857,0.316349809885932,0.0666666666666667,0,0.0666666666666667
"3668",43,13,0,2,0.2,0.307692307692308,0.2,0.507692307692308,0.322916666666667,0,0,0
"3669",53,16,0,1,0.25,0.25,0.3125,0.5625,0.316753926701571,0.25,0,0
"3670",58,15,0,0,0.142857142857143,0.2,0.142857142857143,0.342857142857143,0.296127562642369,0,0,0
"3671",94,22,0,3,0.15,0.227272727272727,0.45,0.677272727272727,0.3184421534937,0,0,0.666666666666667
"3672",27,7,0,1,0.428571428571429,0.428571428571429,1,1.42857142857143,0.268382352941176,0.333333333333333,0,0.333333333333333
"3673",43,9,0,4,0.375,0.444444444444444,0.5,0.944444444444444,0.313432835820896,0.333333333333333,0,0
"3674",77,18,0,3,0.357142857142857,0.5,0.714285714285714,1.21428571428571,0.354098360655738,0.4,0,0.2
"3675",71,21,0,2,0.210526315789474,0.285714285714286,0.368421052631579,0.654135338345865,0.320224719101124,0.25,0.25,0
"3676",96,21,0,4,0.210526315789474,0.285714285714286,0.315789473684211,0.601503759398496,0.321070234113712,0.5,0,0
"3677",188,45,0,8,0.305555555555556,0.444444444444444,0.583333333333333,1.02777777777778,0.327160493827161,0.0909090909090909,0,0.272727272727273
"3678",204,44,0,8,0.268292682926829,0.318181818181818,0.365853658536585,0.684035476718404,0.352941176470588,0.0909090909090909,0,0.0909090909090909
"3679",61,17,0,3,0.1875,0.235294117647059,0.375,0.610294117647059,0.28719723183391,0,0,0.333333333333333
"3680",51,13,0,2,0.461538461538462,0.461538461538462,0.538461538461538,1,0.326170376055257,0.166666666666667,0,0
"3681",183,54,0,4,0.22,0.277777777777778,0.32,0.597777777777778,0.309895833333333,0.181818181818182,0,0.0909090909090909
"3682",75,14,0,0,0.0769230769230769,0.142857142857143,0.0769230769230769,0.21978021978022,0.335380835380835,0,0,0
"3683",21,6,0,2,0.4,0.5,0.6,1.1,0.313274336283186,0.5,0,0
"3684",21,5,0,2,0.333333333333333,0.5,0.333333333333333,0.833333333333333,0.267123287671233,0,0,0
"3685",67,17,0,0,0.125,0.176470588235294,0.125,0.301470588235294,0.327800829875519,0,0,0
"3686",54,16,0,2,0.357142857142857,0.4375,0.428571428571429,0.866071428571429,0.324022346368715,0.2,0,0
"3687",3,2,0,0,0,0.5,0,0.5,0.310734463276836,0,0,0
"3688",43,11,0,0,0.181818181818182,0.181818181818182,0.181818181818182,0.363636363636364,0.335120643431635,0,0,0
"3689",172,41,0,1,0.131578947368421,0.195121951219512,0.236842105263158,0.43196405648267,0.325334821428571,0.2,0,0.2
"3690",186,52,0,8,0.295454545454545,0.392156862745098,0.409090909090909,0.801247771836007,0.308720560152769,0.384615384615385,0,0
"3691",94,24,0,2,0.285714285714286,0.375,0.333333333333333,0.708333333333333,0.316011235955056,0.166666666666667,0,0
"3692",49,12,0,1,0.2,0.333333333333333,0.2,0.533333333333333,0.331738437001595,0,0,0
"3693",87,23,0,4,0.333333333333333,0.478260869565217,0.333333333333333,0.811594202898551,0.333333333333333,0,0,0
"3694",13,5,0,0,0.4,0.4,0.4,0.8,0.352941176470588,0,0,0
"3695",182,45,0,5,0.175,0.232558139534884,0.3,0.532558139534884,0.279187817258883,0.285714285714286,0,0.142857142857143
"3696",25,7,0,2,0.25,0.571428571428571,0.25,0.821428571428571,0.330188679245283,0,0,0
"3697",81,19,0,9,0.5,0.578947368421053,0.625,1.20394736842105,0.339593114241002,0,0.125,0
"3698",65,18,0,2,0.352941176470588,0.388888888888889,0.529411764705882,0.918300653594771,0.32398316970547,0,0,0.166666666666667
"3699",58,16,0,0,0.266666666666667,0.25,0.333333333333333,0.583333333333333,0.405660377358491,0.25,0,0
"3700",189,52,0,12,0.34,0.365384615384615,0.62,0.985384615384615,0.319294809010774,0.235294117647059,0.117647058823529,0.117647058823529
"3701",57,14,0,1,0.2,0.428571428571429,0.4,0.828571428571429,0.344036697247706,1,0,0
"3702",84,16,0,1,0,0.3125,0,0.3125,0.295774647887324,0,0,0
"3703",81,26,0,8,0.434782608695652,0.461538461538462,0.826086956521739,1.2876254180602,0.381818181818182,0.3,0,0.2
"3704",84,20,0,6,0.470588235294118,0.55,0.647058823529412,1.19705882352941,0.314917127071823,0.375,0,0
"3705",184,47,0,11,0.380952380952381,0.446808510638298,0.523809523809524,0.970618034447822,0.348045397225725,0.25,0.0625,0
"3706",206,47,0,1,0.24390243902439,0.340425531914894,0.365853658536585,0.706279190451479,0.319303338171263,0.2,0,0.1
"3707",158,40,0,4,0.289473684210526,0.325,0.394736842105263,0.719736842105263,0.299180327868852,0.0909090909090909,0,0.0909090909090909
"3708",19,3,0,0,0,0,0,0,0.333333333333333,0,0,0
"3709",20,4,0,0,0,0.5,0,0.5,0.341463414634146,0,0,0
"3710",227,58,1,11,0.285714285714286,0.368421052631579,0.489795918367347,0.858216970998926,0.362694300518135,0.142857142857143,0.0714285714285714,0.142857142857143
"3711",489,124,0,25,0.347826086956522,0.377049180327869,0.478260869565217,0.855310049893086,0.315673289183223,0.2,0.05,0.025
"3712",494,134,0,13,0.299145299145299,0.37593984962406,0.384615384615385,0.760555234239445,0.312989045383412,0.114285714285714,0,0.0571428571428571
"3713",25,6,0,1,0.5,0.833333333333333,2,2.83333333333333,0.206896551724138,0,0,1
"3714",155,40,0,1,0.256410256410256,0.275,0.282051282051282,0.557051282051282,0.370179948586118,0.1,0,0
"3715",58,21,0,6,0.375,0.523809523809524,0.5625,1.08630952380952,0.347619047619048,0,0,0.166666666666667
"3716",146,37,0,1,0.314285714285714,0.351351351351351,0.4,0.751351351351351,0.30635838150289,0,0,0.0909090909090909
"3717",439,115,0,13,0.287037037037037,0.321739130434783,0.388888888888889,0.710628019323671,0.344800625488663,0.161290322580645,0,0.0645161290322581
"3718",107,27,0,3,0.25,0.423076923076923,0.3,0.723076923076923,0.312775330396476,0.2,0,0
"3719",260,66,0,11,0.285714285714286,0.393939393939394,0.482142857142857,0.876082251082251,0.363534675615213,0.1875,0.0625,0.125
"3720",169,38,0,7,0.310344827586207,0.473684210526316,0.482758620689655,0.956442831215971,0.27831715210356,0,0.111111111111111,0.111111111111111
"3721",186,42,0,1,0.162162162162162,0.24390243902439,0.216216216216216,0.460118655240606,0.31986531986532,0.333333333333333,0,0
"3722",109,27,0,7,0.277777777777778,0.481481481481481,0.444444444444444,0.925925925925926,0.339160839160839,0.2,0.2,0
"3723",111,28,0,6,0.363636363636364,0.464285714285714,0.772727272727273,1.23701298701299,0.301980198019802,0.5,0.125,0.125
"3724",105,27,0,7,0.454545454545455,0.555555555555556,0.545454545454545,1.1010101010101,0.397260273972603,0.2,0,0
"3725",164,47,0,2,0.209302325581395,0.212765957446809,0.255813953488372,0.468579910935181,0.308510638297872,0.222222222222222,0,0
"3726",157,41,1,10,0.354838709677419,0.48780487804878,0.451612903225806,0.939417781274587,0.352226720647773,0.0909090909090909,0.0909090909090909,0
"3727",21,6,0,0,0,0.166666666666667,0,0.166666666666667,0.307692307692308,0,0,0
"3728",54,15,0,5,0.3,0.5,0.9,1.4,0.326241134751773,0,0,0.666666666666667
"3729",179,47,0,8,0.461538461538462,0.521739130434783,0.615384615384615,1.1371237458194,0.341836734693878,0.0555555555555556,0.0555555555555556,0.0555555555555556
"3730",314,75,0,11,0.12280701754386,0.32,0.333333333333333,0.653333333333333,0.244444444444444,0.428571428571429,0,0.428571428571429
"3731",513,133,0,15,0.264957264957265,0.338345864661654,0.393162393162393,0.731508257824047,0.331349206349206,0.258064516129032,0.0645161290322581,0.032258064516129
"3732",58,18,1,0,0.222222222222222,0.222222222222222,0.222222222222222,0.444444444444444,0.333333333333333,0,0,0
"3733",179,41,0,11,0.303030303030303,0.439024390243902,0.606060606060606,1.04508499630451,0.357142857142857,0.5,0.1,0.1
"3734",521,139,0,22,0.293650793650794,0.352517985611511,0.46031746031746,0.812835445928971,0.347305389221557,0.243243243243243,0,0.108108108108108
"3735",71,19,0,4,0.416666666666667,0.578947368421053,0.5,1.07894736842105,0.361266294227188,0.2,0,0
"3736",327,92,0,21,0.419753086419753,0.434782608695652,0.604938271604938,1.03972088030059,0.31390134529148,0.205882352941176,0.0294117647058824,0.0588235294117647
"3737",20,6,0,1,0.2,0.333333333333333,0.2,0.533333333333333,0.32,0,0,0
"3738",65,19,0,2,0.1875,0.263157894736842,0.375,0.638157894736842,0.422222222222222,0,0,0.333333333333333
"3739",92,21,0,7,0.333333333333333,0.428571428571429,0.555555555555556,0.984126984126984,0.33652312599681,0.166666666666667,0,0.166666666666667
"3740",221,55,0,4,0.266666666666667,0.4,0.4,0.8,0.339066339066339,0.25,0,0.0833333333333333
"3741",234,63,0,8,0.271186440677966,0.290322580645161,0.423728813559322,0.714051394204483,0.306451612903226,0.1875,0,0.125
"3742",174,39,0,4,0.117647058823529,0.230769230769231,0.235294117647059,0.46606334841629,0.343598055105348,0.25,0,0.25
"3743",276,65,0,7,0.297872340425532,0.446153846153846,0.382978723404255,0.829132569558102,0.311050477489768,0.285714285714286,0,0
"3744",350,92,0,14,0.272727272727273,0.369565217391304,0.454545454545455,0.824110671936759,0.291803278688525,0.238095238095238,0,0.142857142857143
"3745",66,15,0,0,0.333333333333333,0.466666666666667,0.416666666666667,0.883333333333333,0.349794238683128,0.25,0,0
"3746",428,119,2,18,0.25,0.355932203389831,0.39,0.745932203389831,0.315638450502152,0.12,0.04,0.12
"3747",476,127,0,12,0.219298245614035,0.293650793650794,0.421052631578947,0.714703425229741,0.265625,0.16,0.08,0.2
"3748",166,48,0,8,0.323529411764706,0.466666666666667,0.382352941176471,0.849019607843137,0.315217391304348,0.181818181818182,0,0
"3749",397,111,0,11,0.262135922330097,0.309090909090909,0.456310679611651,0.76540158870256,0.307692307692308,0.407407407407407,0,0.111111111111111
"3750",80,18,0,6,0.454545454545455,0.555555555555556,0.818181818181818,1.37373737373737,0.384615384615385,0.2,0,0.2
"3751",11,5,0,1,0.2,0.2,0.8,1,0.452380952380952,0,0,1
"3752",369,100,0,16,0.292682926829268,0.404040404040404,0.402439024390244,0.806479428430648,0.36222005842259,0.125,0,0.0833333333333333
"3753",140,38,0,10,0.275862068965517,0.432432432432432,0.344827586206897,0.777260018639329,0.339350180505415,0.25,0,0
"3754",135,30,0,6,0.269230769230769,0.366666666666667,0.384615384615385,0.751282051282051,0.350951374207188,0,0,0.142857142857143
"3755",195,49,0,4,0.179487179487179,0.346938775510204,0.256410256410256,0.60334903192046,0.331908831908832,0,0,0.142857142857143
"3756",151,39,0,4,0.147058823529412,0.256410256410256,0.235294117647059,0.491704374057315,0.294117647058824,0.6,0,0
"3757",35,7,0,0,0.166666666666667,0.285714285714286,0.166666666666667,0.452380952380952,0.25,0,0,0
"3758",329,88,0,18,0.32,0.409090909090909,0.453333333333333,0.862424242424242,0.293729372937294,0.166666666666667,0,0.0833333333333333
"3759",110,34,0,11,0.448275862068966,0.5,0.620689655172414,1.12068965517241,0.316129032258064,0.153846153846154,0,0.0769230769230769
"3760",222,57,0,2,0.212765957446809,0.339285714285714,0.276595744680851,0.615881458966565,0.287190082644628,0.3,0,0
"3761",449,128,0,7,0.186440677966102,0.25,0.186440677966102,0.436440677966102,0.301424050632911,0,0,0
"3762",518,126,0,6,0.154545454545455,0.241935483870968,0.227272727272727,0.469208211143695,0.301282051282051,0.176470588235294,0.0588235294117647,0.0588235294117647
"3763",211,58,1,3,0.153846153846154,0.224137931034483,0.192307692307692,0.416445623342175,0.258278145695364,0.25,0,0
"3764",87,24,0,4,0.35,0.416666666666667,0.45,0.866666666666667,0.358003442340792,0.285714285714286,0,0
"3765",488,125,0,5,0.254385964912281,0.32,0.342105263157895,0.662105263157895,0.312098991750687,0.241379310344828,0,0.0344827586206897
"3766",105,26,0,1,0.217391304347826,0.269230769230769,0.304347826086957,0.573578595317726,0.3486529318542,0,0.2,0
"3767",96,22,0,2,0.263157894736842,0.333333333333333,0.315789473684211,0.649122807017544,0.34125636672326,0.2,0,0
"3768",110,27,0,2,0.130434782608696,0.259259259259259,0.304347826086957,0.563607085346216,0.273858921161826,0.333333333333333,0,0.333333333333333
"3769",227,61,0,7,0.240740740740741,0.311475409836066,0.37037037037037,0.681845780206436,0.301801801801802,0.0769230769230769,0,0.153846153846154
"3770",404,101,0,12,0.282608695652174,0.346534653465347,0.445652173913043,0.79218682737839,0.338160136286201,0.115384615384615,0,0.153846153846154
"3771",43,10,0,0,0.3,0.3,0.3,0.6,0.316326530612245,0,0,0
"3772",203,58,0,7,0.32,0.379310344827586,0.5,0.879310344827586,0.286516853932584,0.1875,0,0.125
"3773",53,16,0,2,0.333333333333333,0.375,0.333333333333333,0.708333333333333,0.386861313868613,0,0,0
"3774",519,138,0,13,0.276422764227642,0.343065693430657,0.382113821138211,0.725179514568868,0.323069852941176,0.235294117647059,0.0294117647058824,0.0294117647058824
"3775",126,35,0,5,0.310344827586207,0.411764705882353,0.413793103448276,0.825557809330629,0.327510917030568,0.333333333333333,0,0
"3776",16,4,0,0,0,0,0,0,0.268292682926829,0,0,0
"3777",159,37,1,6,0.233333333333333,0.351351351351351,0.4,0.751351351351351,0.322456813819578,0.285714285714286,0,0.142857142857143
"3778",413,98,0,18,0.267441860465116,0.329896907216495,0.406976744186047,0.736873651402541,0.28735632183908,0.173913043478261,0.0434782608695652,0.0869565217391304
"3779",214,53,0,10,0.238095238095238,0.384615384615385,0.5,0.884615384615385,0.347058823529412,0.5,0,0.2
"3780",85,22,0,11,0.647058823529412,0.714285714285714,1,1.71428571428571,0.364928909952607,0.272727272727273,0,0.0909090909090909
"3781",108,27,0,3,0.304347826086957,0.407407407407407,0.565217391304348,0.972624798711755,0.311111111111111,0,0,0.285714285714286
"3782",142,40,0,9,0.354838709677419,0.435897435897436,0.580645161290323,1.01654259718776,0.33125,0.363636363636364,0,0.0909090909090909
"3783",130,38,0,7,0.411764705882353,0.473684210526316,0.529411764705882,1.0030959752322,0.329166666666667,0.142857142857143,0.0714285714285714,0
"3784",342,94,0,11,0.268292682926829,0.361702127659574,0.365853658536585,0.72755578619616,0.351906158357771,0.0909090909090909,0,0.0909090909090909
"3785",33,7,0,2,0.4,0.571428571428571,0.4,0.971428571428571,0.33757225433526,0,0,0
"3786",42,14,0,0,0.153846153846154,0.214285714285714,0.230769230769231,0.445054945054945,0.321428571428571,0.5,0,0
"3787",176,42,0,8,0.25,0.428571428571429,0.4375,0.866071428571429,0.284237726098191,0,0,0.25
"3788",366,102,0,12,0.260869565217391,0.333333333333333,0.391304347826087,0.72463768115942,0.323215289488477,0.125,0,0.125
"3789",162,44,0,10,0.3,0.340909090909091,0.45,0.790909090909091,0.303754266211604,0.25,0,0.0833333333333333
"3790",84,21,0,3,0.3,0.333333333333333,0.45,0.783333333333333,0.325657894736842,0,0,0.166666666666667
"3791",210,45,0,4,0.238095238095238,0.288888888888889,0.428571428571429,0.717460317460317,0.305587229190422,0.2,0,0.2
"3792",474,133,0,12,0.275,0.325757575757576,0.408333333333333,0.734090909090909,0.294017094017094,0.121212121212121,0,0.121212121212121
"3793",211,55,1,11,0.272727272727273,0.407407407407407,0.340909090909091,0.748316498316498,0.2997542997543,0,0,0.0833333333333333
"3794",198,43,0,4,0.27027027027027,0.372093023255814,0.351351351351351,0.723444374607165,0.304713804713805,0.3,0,0
"3795",438,113,0,13,0.306930693069307,0.380530973451327,0.445544554455446,0.826075527906773,0.346534653465347,0.0967741935483871,0.032258064516129,0.0967741935483871
"3796",255,63,0,9,0.310344827586207,0.349206349206349,0.396551724137931,0.74575807334428,0.301255230125523,0.111111111111111,0,0.0555555555555556
"3797",395,104,0,4,0.198019801980198,0.221153846153846,0.217821782178218,0.438975628332064,0.275816993464052,0.1,0,0
"3798",75,17,0,2,0.4375,0.470588235294118,0.5,0.970588235294118,0.454545454545455,0.142857142857143,0,0
"3799",129,33,0,5,0.272727272727273,0.272727272727273,0.575757575757576,0.848484848484849,0.296718972895863,0.444444444444444,0,0.222222222222222
"3800",187,42,0,0,0.157894736842105,0.219512195121951,0.184210526315789,0.403722721437741,0.313703284258211,0.166666666666667,0,0
"3801",30,9,0,0,0,0,0,0,0.303317535545024,0,0,0
"3802",171,44,0,6,0.28125,0.441860465116279,0.5625,1.00436046511628,0.30952380952381,0,0.333333333333333,0.111111111111111
"3803",216,57,0,2,0.185185185185185,0.228070175438596,0.222222222222222,0.450292397660819,0.356363636363636,0,0.1,0
"3804",188,46,0,0,0.214285714285714,0.282608695652174,0.333333333333333,0.615942028985507,0.278372591006424,0.555555555555556,0,0
"3805",159,45,0,4,0.238095238095238,0.288888888888889,0.333333333333333,0.622222222222222,0.284069097888676,0.1,0,0.1
"3806",94,25,0,3,0.217391304347826,0.28,0.347826086956522,0.627826086956522,0.29987293519695,0.2,0.2,0
"3807",497,125,0,4,0.151260504201681,0.192,0.176470588235294,0.368470588235294,0.295361127422196,0,0,0.0555555555555556
"3808",367,102,0,5,0.202247191011236,0.294117647058824,0.258426966292135,0.552544613350958,0.312649164677804,0.166666666666667,0.0555555555555556,0
"3809",40,10,0,1,0.5,0.6,0.625,1.225,0.327272727272727,0.25,0,0
"3810",129,38,0,7,0.342857142857143,0.351351351351351,0.542857142857143,0.894208494208494,0.343470483005367,0.166666666666667,0.0833333333333333,0.0833333333333333
"3811",516,135,0,15,0.289256198347107,0.345864661654135,0.396694214876033,0.742558876530168,0.290633608815427,0.228571428571429,0.0285714285714286,0.0285714285714286
"3812",12,2,0,2,1,1,1,2,0.273972602739726,0,0,0
"3813",178,54,0,7,0.224489795918367,0.277777777777778,0.36734693877551,0.645124716553288,0.324572930354796,0.0909090909090909,0,0.181818181818182
"3814",166,45,0,5,0.315789473684211,0.372093023255814,0.421052631578947,0.793145654834761,0.319083969465649,0.333333333333333,0,0
"3815",60,14,0,2,0.5,0.642857142857143,0.6,1.24285714285714,0.312305295950156,0.2,0,0
"3816",31,11,0,2,0.272727272727273,0.272727272727273,0.363636363636364,0.636363636363636,0.333965844402277,0.333333333333333,0,0
"3817",189,49,0,6,0.333333333333333,0.387755102040816,0.644444444444444,1.03219954648526,0.323320158102767,0.133333333333333,0,0.266666666666667
"3818",72,20,0,3,0.277777777777778,0.35,0.444444444444444,0.794444444444444,0.313953488372093,0,0,0.2
"3819",414,112,0,16,0.349514563106796,0.387387387387387,0.446601941747573,0.83398932913496,0.320437670965221,0.194444444444444,0,0.0277777777777778
"3820",468,124,0,15,0.327433628318584,0.377049180327869,0.486725663716814,0.863774844044683,0.305204648812532,0.243243243243243,0,0.0810810810810811
"3821",214,53,0,5,0.260869565217391,0.358490566037736,0.282608695652174,0.64109926168991,0.308529945553539,0.0833333333333333,0,0
"3822",162,40,0,5,0.290322580645161,0.421052631578947,0.32258064516129,0.743633276740238,0.269633507853403,0.111111111111111,0,0
"3823",372,100,0,7,0.225806451612903,0.27,0.354838709677419,0.624838709677419,0.304704595185996,0.142857142857143,0,0.142857142857143
"3824",34,10,0,5,0.666666666666667,0.7,1.44444444444444,2.14444444444444,0.383928571428571,0.166666666666667,0,0.333333333333333
"3825",113,29,0,7,0.24,0.344827586206897,0.4,0.744827586206897,0.297872340425532,0.166666666666667,0,0.166666666666667
"3826",132,40,0,3,0.363636363636364,0.41025641025641,0.454545454545455,0.864801864801865,0.280748663101604,0.25,0,0
"3827",148,37,0,8,0.266666666666667,0.405405405405405,0.433333333333333,0.838738738738739,0.365853658536585,0.25,0,0.125
"3828",359,101,0,7,0.239583333333333,0.257425742574257,0.260416666666667,0.517842409240924,0.313120176405733,0.0869565217391304,0,0
"3829",199,43,0,3,0.171428571428571,0.292682926829268,0.171428571428571,0.46411149825784,0.326424870466321,0,0,0
"3830",468,112,0,10,0.259615384615385,0.288288288288288,0.365384615384615,0.653672903672904,0.319057815845824,0.222222222222222,0.037037037037037,0.037037037037037
"3831",28,7,0,0,0.25,0.5,0.5,1,0.306,1,0,0
"3832",90,26,0,5,0.36,0.36,0.6,0.96,0.296762589928058,0.333333333333333,0,0.111111111111111
"3833",16,4,0,0,0.25,0.25,0.25,0.5,0.309477756286267,0,0,0
"3834",465,120,0,10,0.336283185840708,0.361344537815126,0.442477876106195,0.803822413921321,0.316349809885932,0.157894736842105,0,0.0526315789473684
"3835",57,13,0,2,0.416666666666667,0.384615384615385,0.416666666666667,0.801282051282051,0.322033898305085,0,0,0
"3836",76,25,0,2,0.238095238095238,0.333333333333333,0.285714285714286,0.619047619047619,0.322916666666667,0.2,0,0
"3837",182,50,0,9,0.238095238095238,0.34,0.333333333333333,0.673333333333333,0.316753926701571,0.1,0,0.1
"3838",194,54,0,8,0.254901960784314,0.296296296296296,0.392156862745098,0.688453159041394,0.296127562642369,0.0769230769230769,0,0.153846153846154
"3839",138,40,0,8,0.289473684210526,0.325,0.552631578947368,0.877631578947369,0.3184421534937,0.363636363636364,0,0.181818181818182
"3840",111,28,0,2,0.111111111111111,0.142857142857143,0.148148148148148,0.291005291005291,0.268382352941176,0.333333333333333,0,0
"3841",12,3,0,1,0.5,0.666666666666667,0.5,1.16666666666667,0.313432835820896,0,0,0
"3842",263,65,0,12,0.354166666666667,0.484375,0.5625,1.046875,0.354098360655738,0.294117647058824,0.0588235294117647,0.0588235294117647
"3843",227,56,0,2,0.166666666666667,0.259259259259259,0.229166666666667,0.488425925925926,0.320224719101124,0,0,0.125
"3844",54,14,0,2,0.333333333333333,0.428571428571429,0.416666666666667,0.845238095238095,0.383458646616541,0.25,0,0
"3845",276,68,0,13,0.333333333333333,0.382352941176471,0.45,0.832352941176471,0.321070234113712,0.2,0,0.05
"3846",523,128,2,19,0.242990654205607,0.349206349206349,0.420560747663551,0.769767096869901,0.327160493827161,0.269230769230769,0,0.153846153846154
"3847",293,73,0,2,0.1,0.136986301369863,0.128571428571429,0.265557729941292,0.352941176470588,0.285714285714286,0,0
"3848",139,35,0,1,0.161290322580645,0.257142857142857,0.290322580645161,0.547465437788018,0.28719723183391,0.4,0.2,0
"3849",102,32,0,3,0.25,0.28125,0.357142857142857,0.638392857142857,0.326170376055257,0,0,0.142857142857143
"3850",344,95,0,9,0.280487804878049,0.340425531914894,0.353658536585366,0.694084068500259,0.316209476309227,0.130434782608696,0,0.0434782608695652
"3851",375,104,0,20,0.33695652173913,0.403846153846154,0.489130434782609,0.892976588628763,0.309895833333333,0.193548387096774,0.032258064516129,0.0645161290322581
"3852",174,40,0,6,0.242424242424242,0.333333333333333,0.393939393939394,0.727272727272727,0.335380835380835,0,0.125,0.125
"3853",89,28,0,1,0.222222222222222,0.25,0.37037037037037,0.62037037037037,0.313274336283186,0.166666666666667,0,0.166666666666667
"3854",179,46,0,4,0.238095238095238,0.304347826086957,0.404761904761905,0.709109730848861,0.347931873479319,0.2,0.1,0.1
"3855",296,88,0,13,0.272727272727273,0.329545454545455,0.454545454545455,0.784090909090909,0.327800829875519,0.238095238095238,0,0.142857142857143
"3856",201,56,0,6,0.25,0.358490566037736,0.318181818181818,0.676672384219554,0.324022346368715,0.272727272727273,0,0
"3857",57,16,0,3,0.5,0.5,0.625,1.125,0.310734463276836,0.25,0,0
"3858",137,41,0,0,0.210526315789474,0.268292682926829,0.236842105263158,0.505134788189987,0.335120643431635,0.125,0,0
"3859",43,14,0,2,0.357142857142857,0.357142857142857,0.357142857142857,0.714285714285714,0.312101910828025,0,0,0
"3860",123,33,0,2,0.3125,0.333333333333333,0.4375,0.770833333333333,0.331797235023041,0.2,0.1,0
"3861",312,84,0,11,0.324324324324324,0.385542168674699,0.445945945945946,0.831488114620645,0.325334821428571,0.125,0,0.0833333333333333
"3862",258,64,0,7,0.196428571428571,0.28125,0.303571428571429,0.584821428571429,0.308720560152769,0.272727272727273,0,0.0909090909090909
"3863",501,128,0,14,0.275862068965517,0.328125,0.396551724137931,0.724676724137931,0.316011235955056,0.1875,0.03125,0.0625
"3864",118,35,0,3,0.242424242424242,0.264705882352941,0.363636363636364,0.628342245989305,0.331738437001595,0.5,0,0
"3865",486,132,0,17,0.258064516129032,0.295454545454545,0.395161290322581,0.690615835777126,0.333333333333333,0.1875,0.03125,0.09375
"3866",509,125,0,18,0.267241379310345,0.32,0.456896551724138,0.776896551724138,0.279187817258883,0.354838709677419,0.032258064516129,0.0967741935483871
"3867",108,28,0,1,0.321428571428571,0.321428571428571,0.321428571428571,0.642857142857143,0.330188679245283,0,0,0
"3868",28,10,0,5,0.8,0.8,1.4,2.2,0.339593114241002,0.125,0.125,0.125
"3869",158,39,0,3,0.333333333333333,0.384615384615385,0.444444444444444,0.829059829059829,0.32398316970547,0.0833333333333333,0,0.0833333333333333
"3870",91,23,0,1,0.352941176470588,0.521739130434783,0.470588235294118,0.9923273657289,0.405660377358491,0.333333333333333,0,0
"3871",141,38,0,5,0.25,0.289473684210526,0.277777777777778,0.567251461988304,0.319294809010774,0.111111111111111,0,0
"3872",30,7,0,1,0,0.166666666666667,0,0.166666666666667,0.344036697247706,0,0,0
"3873",139,31,0,3,0.181818181818182,0.387096774193548,0.363636363636364,0.750733137829912,0.295774647887324,0.25,0,0.25
"3874",19,4,0,3,0.666666666666667,0.75,0.666666666666667,1.41666666666667,0.384615384615385,0,0,0
"3875",519,151,0,25,0.306569343065693,0.36,0.408759124087591,0.768759124087591,0.348045397225725,0.119047619047619,0,0.0714285714285714
"3876",577,143,0,16,0.282258064516129,0.377622377622378,0.459677419354839,0.837299796977216,0.319303338171263,0.285714285714286,0,0.114285714285714
"3877",199,50,0,6,0.25,0.446808510638298,0.3125,0.759308510638298,0.299180327868852,0.25,0,0
"3878",140,36,0,1,0.193548387096774,0.277777777777778,0.258064516129032,0.53584229390681,0.333333333333333,0.333333333333333,0,0
"3879",104,22,0,5,0.266666666666667,0.5,0.8,1.3,0.362694300518135,0,0.25,0.5
"3880",522,126,0,13,0.25,0.336,0.342592592592593,0.678592592592593,0.315673289183223,0.148148148148148,0,0.0740740740740741
"3881",28,9,0,0,0.222222222222222,0.222222222222222,0.222222222222222,0.444444444444444,0.308823529411765,0,0,0
"3882",516,142,0,15,0.308943089430894,0.384057971014493,0.471544715447154,0.855602686461647,0.312989045383412,0.289473684210526,0,0.0789473684210526
"3883",81,22,0,4,0.3125,0.5,0.3125,0.8125,0.206896551724138,0,0,0
"3884",207,54,0,2,0.28,0.320754716981132,0.34,0.660754716981132,0.370179948586118,0,0,0.0714285714285714
"3885",98,28,0,5,0.296296296296296,0.321428571428571,0.407407407407407,0.728835978835979,0.347619047619048,0,0,0.125
"3886",9,4,0,2,0.75,0.75,1,1.75,0.304744525547445,0.333333333333333,0,0
"3887",181,43,0,3,0.219512195121951,0.255813953488372,0.390243902439024,0.646057855927397,0.30635838150289,0.111111111111111,0,0.222222222222222
"3888",470,128,0,15,0.237704918032787,0.265625,0.319672131147541,0.585297131147541,0.344800625488663,0.172413793103448,0.0344827586206897,0.0344827586206897
"3889",68,20,0,3,0.2,0.35,0.266666666666667,0.616666666666667,0.312775330396476,0.333333333333333,0,0
"3890",471,125,0,18,0.318181818181818,0.373983739837398,0.490909090909091,0.864892830746489,0.363534675615213,0.114285714285714,0,0.142857142857143
"3891",178,53,0,5,0.30188679245283,0.30188679245283,0.39622641509434,0.69811320754717,0.31986531986532,0,0.0625,0.0625
"3892",42,13,0,1,0.230769230769231,0.230769230769231,0.230769230769231,0.461538461538462,0.272727272727273,0,0,0
"3893",236,60,0,4,0.204081632653061,0.327586206896552,0.244897959183673,0.572484166080225,0.311926605504587,0.2,0,0
"3894",113,31,0,4,0.444444444444444,0.5,0.555555555555556,1.05555555555556,0.339160839160839,0,0,0.0833333333333333
"3895",127,34,0,0,0.181818181818182,0.205882352941176,0.212121212121212,0.418003565062389,0.308510638297872,0.166666666666667,0,0
"3896",144,34,0,2,0.225806451612903,0.294117647058824,0.32258064516129,0.616698292220114,0.352226720647773,0,0,0.142857142857143
"3897",254,67,0,5,0.19047619047619,0.223880597014925,0.333333333333333,0.557213930348259,0.307692307692308,0.333333333333333,0.0833333333333333,0.0833333333333333
"3898",140,39,0,6,0.25,0.384615384615385,0.3125,0.697115384615385,0.342105263157895,0.25,0,0
"3899",157,39,0,1,0.242424242424242,0.333333333333333,0.242424242424242,0.575757575757576,0.341836734693878,0,0,0
"3900",161,34,0,10,0.444444444444444,0.558823529411765,0.814814814814815,1.37363834422658,0.244444444444444,0.333333333333333,0,0.166666666666667
"3901",458,124,0,17,0.252173913043478,0.298387096774194,0.278260869565217,0.576647966339411,0.331349206349206,0.103448275862069,0,0
"3902",173,48,0,10,0.3,0.395833333333333,0.5,0.895833333333333,0.333333333333333,0,0.0833333333333333,0.166666666666667
"3903",487,122,0,17,0.357798165137615,0.418032786885246,0.541284403669725,0.959317190554971,0.347305389221557,0.153846153846154,0.0256410256410256,0.102564102564103
"3904",104,29,0,4,0.260869565217391,0.379310344827586,0.391304347826087,0.770614692653673,0.361266294227188,0.5,0,0
"3905",575,156,0,6,0.208053691275168,0.230769230769231,0.261744966442953,0.492514197212184,0.31390134529148,0.161290322580645,0,0.032258064516129
"3906",99,27,0,0,0.181818181818182,0.333333333333333,0.181818181818182,0.515151515151515,0.32,0,0,0
"3907",121,34,0,5,0.413793103448276,0.5,0.482758620689655,0.982758620689655,0.422222222222222,0.166666666666667,0,0
"3908",61,17,0,6,0.571428571428571,0.588235294117647,0.714285714285714,1.30252100840336,0.323144104803493,0.25,0,0
"3909",62,18,0,1,0.153846153846154,0.388888888888889,0.153846153846154,0.542735042735043,0.343820224719101,0,0,0
"3910",147,34,0,7,0.444444444444444,0.529411764705882,0.518518518518518,1.0479302832244,0.33652312599681,0.166666666666667,0,0
"3911",151,46,0,9,0.255813953488372,0.288888888888889,0.348837209302326,0.637726098191215,0.339066339066339,0.181818181818182,0.0909090909090909,0
"3912",192,53,0,7,0.36734693877551,0.415094339622642,0.591836734693878,1.00693107431652,0.306451612903226,0.277777777777778,0,0.111111111111111
"3913",8,2,0,2,1,1,2.5,3.5,0.343598055105348,0,0,0.5
"3914",286,75,0,3,0.205882352941176,0.266666666666667,0.220588235294118,0.487254901960784,0.311050477489768,0.0714285714285714,0,0
"3915",71,21,1,3,0.4375,0.55,0.4375,0.9875,0.393258426966292,0,0,0
"3916",300,79,0,12,0.230769230769231,0.354430379746835,0.353846153846154,0.708276533592989,0.291803278688525,0.333333333333333,0,0.0666666666666667
"3917",29,6,0,3,0.4,0.5,1.2,1.7,0.257142857142857,0.5,0,0.5
"3918",469,135,0,18,0.28099173553719,0.355555555555556,0.454545454545455,0.81010101010101,0.315638450502152,0.147058823529412,0.0588235294117647,0.117647058823529
"3919",381,97,0,16,0.296703296703297,0.34020618556701,0.43956043956044,0.77976662512745,0.265625,0.148148148148148,0.111111111111111,0.037037037037037
"3920",216,54,0,13,0.288888888888889,0.37037037037037,0.355555555555556,0.725925925925926,0.315217391304348,0.230769230769231,0,0
"3921",588,183,1,13,0.254237288135593,0.262569832402235,0.361581920903955,0.624151753306189,0.307692307692308,0.177777777777778,0.0222222222222222,0.0666666666666667
"3922",53,15,0,5,0.454545454545455,0.571428571428571,0.545454545454545,1.11688311688312,0.452380952380952,0.2,0,0
"3923",365,97,0,12,0.321428571428571,0.395833333333333,0.369047619047619,0.764880952380952,0.36222005842259,0.0740740740740741,0.037037037037037,0
"3924",130,33,0,5,0.285714285714286,0.393939393939394,0.357142857142857,0.751082251082251,0.339350180505415,0.25,0,0
"3925",103,28,0,8,0.333333333333333,0.407407407407407,0.75,1.15740740740741,0.350951374207188,0.125,0,0.375
"3926",97,25,0,2,0.260869565217391,0.32,0.260869565217391,0.580869565217391,0.364779874213836,0,0,0
"3927",352,87,0,7,0.233766233766234,0.313953488372093,0.285714285714286,0.599667774086379,0.294117647058824,0.111111111111111,0.0555555555555556,0
"3928",260,71,0,8,0.254237288135593,0.333333333333333,0.338983050847458,0.672316384180791,0.3125,0.133333333333333,0,0.0666666666666667
"3929",212,57,0,10,0.297872340425532,0.421052631578947,0.425531914893617,0.846584546472564,0.293729372937294,0.285714285714286,0.0714285714285714,0
"3930",50,11,0,2,0.25,0.454545454545455,0.25,0.704545454545455,0.393939393939394,0,0,0
"3931",81,21,0,3,0.35,0.380952380952381,0.5,0.880952380952381,0.316129032258064,0.142857142857143,0.142857142857143,0
"3932",101,24,0,3,0.285714285714286,0.375,0.619047619047619,0.994047619047619,0.266666666666667,0.166666666666667,0,0.333333333333333
"3933",165,43,0,1,0.153846153846154,0.232558139534884,0.230769230769231,0.463327370304115,0.287190082644628,0,0,0.166666666666667
"3934",452,138,0,15,0.272727272727273,0.299270072992701,0.333333333333333,0.632603406326034,0.301424050632911,0.138888888888889,0,0.0277777777777778
"3935",473,134,0,12,0.238095238095238,0.276119402985075,0.357142857142857,0.633262260127932,0.301282051282051,0.266666666666667,0.0666666666666667,0.0333333333333333
"3936",81,20,0,0,0.1875,0.35,0.1875,0.5375,0.206896551724138,0,0,0
"3937",185,51,0,6,0.2,0.28,0.2,0.48,0.258278145695364,0,0,0
"3938",104,23,0,2,0.263157894736842,0.391304347826087,0.421052631578947,0.812356979405034,0.358003442340792,0,0,0.2
"3939",214,53,0,10,0.326530612244898,0.377358490566038,0.571428571428571,0.948787061994609,0.365358592692828,0.1875,0,0.1875
"3940",482,125,0,23,0.317757009345794,0.387096774193548,0.448598130841121,0.83569490503467,0.312098991750687,0.264705882352941,0.0294117647058824,0.0294117647058824
"3941",140,37,0,3,0.2,0.333333333333333,0.333333333333333,0.666666666666667,0.3486529318542,0.333333333333333,0.166666666666667,0
"3942",37,13,0,3,0.454545454545455,0.538461538461538,0.636363636363636,1.17482517482517,0.34125636672326,0.4,0,0
"3943",125,37,0,6,0.285714285714286,0.324324324324324,0.485714285714286,0.81003861003861,0.273858921161826,0.4,0,0.1
"3944",270,68,0,13,0.298245614035088,0.382352941176471,0.403508771929825,0.785861713106295,0.301801801801802,0.176470588235294,0,0.0588235294117647
"3945",500,128,0,20,0.26605504587156,0.3671875,0.431192660550459,0.798380160550459,0.338160136286201,0.137931034482759,0.0344827586206897,0.137931034482759
"3946",22,5,0,1,0.4,0.4,0.4,0.8,0.316326530612245,0,0,0
"3947",52,13,0,3,0.25,0.307692307692308,0.5,0.807692307692308,0.348127600554785,0,0,0.333333333333333
"3948",209,59,0,7,0.270833333333333,0.385964912280702,0.270833333333333,0.656798245614035,0.286516853932584,0,0,0
"3949",112,32,0,6,0.5,0.548387096774194,0.576923076923077,1.12531017369727,0.386861313868613,0.153846153846154,0,0
"3950",196,49,1,7,0.209302325581395,0.306122448979592,0.27906976744186,0.585192216421452,0.367088607594937,0.333333333333333,0,0
"3951",15,6,0,0,0.2,0.333333333333333,0.2,0.533333333333333,0.383886255924171,0,0,0
"3952",481,131,0,19,0.290598290598291,0.3515625,0.41025641025641,0.76181891025641,0.323069852941176,0.0294117647058824,0.0588235294117647,0.0882352941176471
"3953",70,13,0,6,0.4,0.538461538461538,1,1.53846153846154,0.285714285714286,0,0,0.5
"3954",54,16,0,7,0.583333333333333,0.6875,1.16666666666667,1.85416666666667,0.4,0.714285714285714,0.142857142857143,0
"3955",209,61,0,9,0.306122448979592,0.372881355932203,0.489795918367347,0.86267727429955,0.327510917030568,0.2,0,0.133333333333333
"3956",219,52,0,10,0.446808510638298,0.5,0.553191489361702,1.0531914893617,0.322456813819578,0.0952380952380952,0,0.0476190476190476
"3957",468,122,0,16,0.235849056603774,0.336065573770492,0.320754716981132,0.656820290751624,0.28735632183908,0.12,0,0.08
"3958",27,6,0,1,0.4,0.5,0.8,1.3,0.5,1,0,0
"3959",176,49,0,5,0.325,0.408163265306122,0.45,0.858163265306122,0.347058823529412,0.153846153846154,0,0.0769230769230769
"3960",17,6,0,2,0.5,0.6,0.75,1.35,0.364928909952607,0.5,0,0
"3961",145,33,0,7,0.2,0.393939393939394,0.44,0.833939393939394,0.311111111111111,0,0,0.4
"3962",183,43,0,5,0.275,0.325581395348837,0.4,0.725581395348837,0.33125,0,0.0909090909090909,0.0909090909090909
"3963",412,109,0,14,0.311111111111111,0.401869158878505,0.422222222222222,0.824091381100727,0.329166666666667,0.0357142857142857,0,0.107142857142857
"3964",349,89,0,14,0.373333333333333,0.443181818181818,0.546666666666667,0.989848484848485,0.351906158357771,0.357142857142857,0,0.0357142857142857
"3965",31,10,0,1,0.5,0.555555555555556,0.875,1.43055555555556,0.321428571428571,0,0,0.25
"3966",127,37,0,1,0.258064516129032,0.342857142857143,0.32258064516129,0.665437788018433,0.284237726098191,0.25,0,0
"3967",64,19,0,0,0.0555555555555556,0.105263157894737,0.0555555555555556,0.160818713450292,0.323215289488477,0,0,0
"3968",64,18,0,2,0.307692307692308,0.411764705882353,0.384615384615385,0.796380090497738,0.303754266211604,0.25,0,0
"3969",98,25,0,4,0.318181818181818,0.4,0.318181818181818,0.718181818181818,0.323976608187135,0,0,0
"3970",79,21,0,3,0.266666666666667,0.45,0.266666666666667,0.716666666666667,0.470588235294118,0,0,0
"3971",188,49,0,7,0.255813953488372,0.333333333333333,0.348837209302326,0.682170542635659,0.305587229190422,0.0909090909090909,0,0.0909090909090909
"3972",473,123,0,17,0.280373831775701,0.349593495934959,0.373831775700935,0.723425271635894,0.294017094017094,0.133333333333333,0,0.0666666666666667
"3973",195,46,0,0,0.157894736842105,0.288888888888889,0.184210526315789,0.473099415204678,0.2997542997543,0.166666666666667,0,0
"3974",354,89,0,5,0.216867469879518,0.269662921348315,0.265060240963855,0.53472316231217,0.315441176470588,0.0555555555555556,0,0.0555555555555556
"3975",76,19,0,5,0.3125,0.421052631578947,0.4375,0.858552631578947,0.411764705882353,0.4,0,0
"3976",161,42,0,5,0.212121212121212,0.357142857142857,0.272727272727273,0.62987012987013,0.304713804713805,0.285714285714286,0,0
"3977",19,5,0,2,0.333333333333333,0.6,1.33333333333333,1.93333333333333,0.34070796460177,0,0,1
"3978",191,52,0,14,0.384615384615385,0.519230769230769,0.666666666666667,1.18589743589744,0.346534653465347,0.133333333333333,0,0.2
"3979",511,139,0,20,0.264,0.330935251798561,0.456,0.786935251798561,0.301255230125523,0.303030303030303,0.0303030303030303,0.121212121212121
"3980",475,128,0,6,0.170731707317073,0.1953125,0.211382113821138,0.406694613821138,0.275816993464052,0.0952380952380952,0,0.0476190476190476
"3981",42,12,0,3,0.4,0.5,0.7,1.2,0.261904761904762,0,0,0.25
"3982",13,5,0,0,0.4,0.4,0.4,0.8,0.5,0,0,0
"3983",164,42,1,6,0.189189189189189,0.285714285714286,0.405405405405405,0.691119691119691,0.296718972895863,0.285714285714286,0,0.285714285714286
"3984",170,45,0,9,0.230769230769231,0.311111111111111,0.512820512820513,0.823931623931624,0.313703284258211,0.111111111111111,0.222222222222222,0.222222222222222
"3985",151,45,0,7,0.236842105263158,0.333333333333333,0.473684210526316,0.807017543859649,0.303317535545024,0.333333333333333,0,0.222222222222222
"3986",111,29,0,7,0.428571428571429,0.448275862068966,0.607142857142857,1.05541871921182,0.36094674556213,0.166666666666667,0,0.0833333333333333
"3987",182,48,0,5,0.307692307692308,0.416666666666667,0.41025641025641,0.826923076923077,0.30952380952381,0.0833333333333333,0,0.0833333333333333
"3988",282,79,1,10,0.328767123287671,0.371794871794872,0.438356164383562,0.810151036178433,0.356363636363636,0.208333333333333,0,0.0416666666666667
"3989",154,46,0,5,0.368421052631579,0.4,0.421052631578947,0.821052631578947,0.278372591006424,0.142857142857143,0,0
"3990",168,50,0,7,0.317073170731707,0.408163265306122,0.365853658536585,0.774016923842708,0.284069097888676,0.153846153846154,0,0
"3991",180,41,0,6,0.233333333333333,0.4,0.533333333333333,0.933333333333333,0.29987293519695,0.428571428571429,0,0.285714285714286
"3992",512,124,0,7,0.220338983050847,0.25,0.296610169491525,0.546610169491525,0.295361127422196,0.115384615384615,0,0.0769230769230769
"3993",527,132,0,9,0.194444444444444,0.323076923076923,0.222222222222222,0.545299145299145,0.312649164677804,0.0476190476190476,0.0476190476190476,0
"3994",34,10,0,0,0.125,0.3,0.125,0.425,0.327272727272727,0,0,0
"3995",177,48,0,9,0.377777777777778,0.416666666666667,0.577777777777778,0.994444444444444,0.343470483005367,0.352941176470588,0,0.0588235294117647
"3996",286,69,0,0,0.164179104477612,0.188405797101449,0.164179104477612,0.352584901579061,0.290633608815427,0,0,0
"3997",130,45,0,4,0.275,0.325581395348837,0.425,0.750581395348837,0.324572930354796,0.272727272727273,0,0.0909090909090909
"3998",183,45,0,6,0.261904761904762,0.295454545454545,0.380952380952381,0.676406926406926,0.307553956834532,0.181818181818182,0,0.0909090909090909
"3999",223,61,0,5,0.226415094339623,0.311475409836066,0.283018867924528,0.594494277760594,0.319083969465649,0.0833333333333333,0.0833333333333333,0
"4000",377,101,0,8,0.268817204301075,0.32,0.344086021505376,0.664086021505376,0.323320158102767,0.16,0,0.04
"4001",493,133,0,7,0.213114754098361,0.259541984732824,0.30327868852459,0.562820673257415,0.320437670965221,0.423076923076923,0,0
"4002",493,126,0,10,0.261261261261261,0.330645161290323,0.36036036036036,0.691005521650683,0.305204648812532,0.172413793103448,0,0.0689655172413793
"4003",187,52,0,5,0.217391304347826,0.294117647058824,0.304347826086957,0.59846547314578,0.308529945553539,0.2,0.1,0
"4004",27,6,0,0,0,0.166666666666667,0,0.166666666666667,0.269633507853403,0,0,0
"4005",363,105,0,20,0.36734693877551,0.403846153846154,0.602040816326531,1.00588697017268,0.304704595185996,0.0833333333333333,0.0277777777777778,0.166666666666667
"4006",88,21,0,1,0.222222222222222,0.333333333333333,0.222222222222222,0.555555555555556,0.383928571428571,0,0,0
"4007",117,31,0,6,0.357142857142857,0.387096774193548,0.642857142857143,1.02995391705069,0.297872340425532,0,0.1,0.2
"4008",115,29,0,2,0.32,0.413793103448276,0.4,0.813793103448276,0.365853658536585,0.25,0,0
"4009",486,128,0,6,0.203389830508475,0.2578125,0.245762711864407,0.503575211864407,0.313120176405733,0.125,0.0416666666666667,0
"4010",22,6,0,1,0.4,0.5,0.4,0.9,0.4,0,0,0
"4011",213,52,0,0,0.170212765957447,0.25,0.276595744680851,0.526595744680851,0.326424870466321,0.625,0,0
"4012",62,15,0,1,0.2,0.428571428571429,0.5,0.928571428571429,0.322222222222222,0,0,0.5
"4013",457,123,0,13,0.278260869565217,0.319672131147541,0.434782608695652,0.754454739843193,0.319057815845824,0.125,0.03125,0.125
"4014",50,16,0,5,0.4,0.4375,0.6,1.0375,0.35632183908046,0,0,0.166666666666667
"4015",53,12,0,0,0.2,0.333333333333333,0.3,0.633333333333333,0.272727272727273,0.5,0,0
"4016",70,19,0,4,0.3125,0.421052631578947,0.75,1.17105263157895,0.296762589928058,0.2,0,0.4
"4017",24,7,0,0,0.166666666666667,0.285714285714286,0.166666666666667,0.452380952380952,0.309477756286267,0,0,0
"4018",480,126,0,9,0.226890756302521,0.26984126984127,0.285714285714286,0.555555555555556,0.316349809885932,0.037037037037037,0,0.0740740740740741
"4019",29,7,0,1,0.333333333333333,0.428571428571429,0.5,0.928571428571429,0.322033898305085,0.5,0,0
"4020",206,56,0,8,0.254901960784314,0.296296296296296,0.313725490196078,0.610021786492375,0.322916666666667,0.230769230769231,0,0
"4021",209,55,0,6,0.234042553191489,0.333333333333333,0.340425531914894,0.673758865248227,0.316753926701571,0.181818181818182,0,0.0909090909090909
"4022",234,55,0,1,0.176470588235294,0.236363636363636,0.215686274509804,0.45204991087344,0.296127562642369,0.222222222222222,0,0
"4023",223,55,0,7,0.26,0.296296296296296,0.5,0.796296296296296,0.3184421534937,0.461538461538462,0,0.153846153846154
"4024",126,37,0,2,0.205882352941176,0.27027027027027,0.264705882352941,0.534976152623212,0.268382352941176,0.285714285714286,0,0
"4025",40,11,0,3,0.363636363636364,0.363636363636364,0.454545454545455,0.818181818181818,0.35191637630662,0.25,0,0
"4026",205,48,0,4,0.256410256410256,0.375,0.282051282051282,0.657051282051282,0.320224719101124,0.1,0,0
"4027",70,19,0,5,0.5625,0.631578947368421,0.75,1.38157894736842,0.383458646616541,0.111111111111111,0.111111111111111,0
"4028",301,83,0,14,0.293333333333333,0.341463414634146,0.533333333333333,0.87479674796748,0.321070234113712,0.0454545454545455,0.0454545454545455,0.227272727272727
"4029",498,127,0,14,0.268518518518519,0.346456692913386,0.416666666666667,0.763123359580053,0.327160493827161,0.206896551724138,0.0689655172413793,0.0689655172413793
"4030",373,93,0,15,0.296296296296296,0.387096774193548,0.395061728395062,0.78215850258861,0.352941176470588,0.0416666666666667,0.0833333333333333,0.0416666666666667
"4031",448,119,0,14,0.243243243243243,0.285714285714286,0.351351351351351,0.637065637065637,0.28719723183391,0.222222222222222,0,0.0740740740740741
"4032",188,47,0,2,0.19047619047619,0.276595744680851,0.333333333333333,0.609929078014184,0.326170376055257,0,0,0.25
"4033",452,126,0,13,0.252173913043478,0.296,0.347826086956522,0.643826086956522,0.316209476309227,0.172413793103448,0,0.0689655172413793
"4034",365,94,0,18,0.280487804878049,0.361702127659574,0.536585365853659,0.898287493513233,0.309895833333333,0.173913043478261,0.0434782608695652,0.217391304347826
"4035",196,60,0,5,0.274509803921569,0.383333333333333,0.450980392156863,0.834313725490196,0.335380835380835,0.285714285714286,0.0714285714285714,0.0714285714285714
"4036",136,38,0,5,0.303030303030303,0.351351351351351,0.545454545454545,0.896805896805897,0.313274336283186,0.2,0,0.2
"4037",13,4,0,0,0.25,0.25,0.25,0.5,0.267123287671233,0,0,0
"4038",223,58,0,4,0.230769230769231,0.267857142857143,0.326923076923077,0.59478021978022,0.347931873479319,0,0.0833333333333333,0.0833333333333333
"4039",284,73,0,10,0.318181818181818,0.361111111111111,0.439393939393939,0.80050505050505,0.327800829875519,0.238095238095238,0,0.0476190476190476
"4040",173,48,1,8,0.3,0.355555555555556,0.35,0.705555555555555,0.324022346368715,0.166666666666667,0,0
"4041",106,33,0,8,0.387096774193548,0.375,0.516129032258065,0.891129032258065,0.335120643431635,0.0833333333333333,0,0.0833333333333333
"4042",177,47,0,6,0.288888888888889,0.319148936170213,0.355555555555556,0.674704491725768,0.331797235023041,0.230769230769231,0,0
"4043",478,124,0,12,0.256198347107438,0.274193548387097,0.305785123966942,0.579978672354039,0.325334821428571,0.0967741935483871,0,0.032258064516129
"4044",358,95,1,8,0.235955056179775,0.284210526315789,0.393258426966292,0.677468953282082,0.308720560152769,0.19047619047619,0.0952380952380952,0.0952380952380952
"4045",428,124,0,21,0.305555555555556,0.385245901639344,0.472222222222222,0.857468123861566,0.316011235955056,0.181818181818182,0,0.121212121212121
"4046",201,56,0,2,0.203703703703704,0.232142857142857,0.314814814814815,0.546957671957672,0.331738437001595,0.363636363636364,0.0909090909090909,0
"4047",442,123,1,16,0.261261261261261,0.327868852459016,0.315315315315315,0.643184167774332,0.333333333333333,0.103448275862069,0,0.0344827586206897
"4048",82,20,0,6,0.357142857142857,0.55,0.642857142857143,1.19285714285714,0.352941176470588,0.2,0,0.2
"4049",474,132,0,11,0.260504201680672,0.315384615384615,0.336134453781513,0.651519069166128,0.279187817258883,0.161290322580645,0.0645161290322581,0
"4050",39,7,0,3,0.75,0.857142857142857,0.75,1.60714285714286,0.352112676056338,0,0,0
"4051",175,47,0,2,0.266666666666667,0.297872340425532,0.311111111111111,0.608983451536643,0.330188679245283,0.166666666666667,0,0
"4052",116,26,0,4,0.304347826086957,0.384615384615385,0.478260869565217,0.862876254180602,0.32398316970547,0.142857142857143,0,0.142857142857143
"4053",253,65,0,11,0.321428571428571,0.365079365079365,0.535714285714286,0.900793650793651,0.319294809010774,0.166666666666667,0,0.166666666666667
"4054",132,33,0,1,0.172413793103448,0.25,0.206896551724138,0.456896551724138,0.344036697247706,0.2,0,0
"4055",113,29,0,1,0.291666666666667,0.413793103448276,0.333333333333333,0.747126436781609,0.295774647887324,0.142857142857143,0,0
"4056",28,5,0,0,0.25,0.4,0.25,0.65,0.273972602739726,0,0,0
"4057",172,48,0,10,0.431818181818182,0.446808510638298,0.5,0.946808510638298,0.381818181818182,0.157894736842105,0,0
"4058",9,2,0,1,0.5,0.5,2,2.5,0.347826086956522,0,0,1
"4059",209,51,0,16,0.3,0.408163265306122,0.4,0.808163265306122,0.348045397225725,0.0833333333333333,0,0.0833333333333333
"4060",467,112,0,14,0.25,0.363636363636364,0.391304347826087,0.754940711462451,0.319303338171263,0,0.0869565217391304,0.130434782608696
"4061",219,56,0,6,0.212765957446809,0.303571428571429,0.340425531914894,0.643996960486322,0.299180327868852,0,0,0.2
"4062",65,17,0,3,0.357142857142857,0.470588235294118,0.428571428571429,0.899159663865546,0.333333333333333,0.2,0,0
"4063",99,26,0,3,0.291666666666667,0.346153846153846,0.333333333333333,0.67948717948718,0.362694300518135,0.142857142857143,0,0
"4064",502,133,0,11,0.247933884297521,0.308270676691729,0.305785123966942,0.614055800658671,0.315673289183223,0.133333333333333,0,0.0333333333333333
"4065",465,117,0,17,0.278846153846154,0.353448275862069,0.442307692307692,0.795755968169761,0.312989045383412,0.172413793103448,0,0.137931034482759
"4066",64,15,0,2,0.0714285714285714,0.133333333333333,0.0714285714285714,0.204761904761905,0.206896551724138,0,0,0
"4067",196,50,0,6,0.333333333333333,0.416666666666667,0.428571428571429,0.845238095238095,0.370179948586118,0.0714285714285714,0,0.0714285714285714
"4068",25,6,0,2,0.5,0.5,0.666666666666667,1.16666666666667,0.338947368421053,0.333333333333333,0,0
"4069",169,53,0,6,0.304347826086957,0.384615384615385,0.391304347826087,0.775919732441472,0.347619047619048,0.142857142857143,0.0714285714285714,0
"4070",155,41,1,3,0.307692307692308,0.341463414634146,0.435897435897436,0.777360850531582,0.30635838150289,0.166666666666667,0,0.0833333333333333
"4071",419,114,0,16,0.266666666666667,0.324561403508772,0.457142857142857,0.781704260651629,0.344800625488663,0.178571428571429,0,0.178571428571429
"4072",100,29,0,0,0.269230769230769,0.296296296296296,0.307692307692308,0.603988603988604,0.312775330396476,0.142857142857143,0,0
"4073",378,104,0,21,0.340659340659341,0.392156862745098,0.450549450549451,0.842706313294549,0.363534675615213,0.225806451612903,0,0.032258064516129
"4074",47,14,0,3,0.357142857142857,0.357142857142857,0.642857142857143,1,0.344569288389513,0.2,0,0.2
"4075",105,28,0,7,0.5,0.571428571428571,0.583333333333333,1.1547619047619,0.31986531986532,0.166666666666667,0,0
"4076",222,58,0,6,0.192307692307692,0.263157894736842,0.423076923076923,0.686234817813765,0.272727272727273,0.3,0,0.3
"4077",238,60,0,5,0.25,0.35,0.307692307692308,0.657692307692308,0.311926605504587,0.230769230769231,0,0
"4078",160,46,0,4,0.195121951219512,0.266666666666667,0.24390243902439,0.510569105691057,0.339160839160839,0.25,0,0
"4079",95,29,0,0,0.25,0.275862068965517,0.321428571428571,0.597290640394089,0.308510638297872,0.285714285714286,0,0
"4080",68,19,0,3,0.222222222222222,0.263157894736842,0.444444444444444,0.707602339181286,0.352226720647773,0.5,0.25,0
"4081",155,41,0,7,0.361111111111111,0.439024390243902,0.583333333333333,1.02235772357724,0.307692307692308,0.153846153846154,0,0.153846153846154
"4082",22,8,0,2,0.571428571428571,0.625,0.714285714285714,1.33928571428571,0.5,0.25,0,0
"4083",148,38,0,7,0.28125,0.378378378378378,0.59375,0.972128378378378,0.341836734693878,0.444444444444444,0,0.222222222222222
"4084",100,26,0,0,0.0476190476190476,0.230769230769231,0.0952380952380952,0.326007326007326,0.244444444444444,1,0,0
"4085",498,133,0,22,0.295652173913043,0.383458646616541,0.434782608695652,0.818241255312193,0.331349206349206,0.117647058823529,0,0.117647058823529
"4086",12,6,0,2,0.666666666666667,0.666666666666667,0.666666666666667,1.33333333333333,0.333333333333333,0,0,0
"4087",146,39,0,8,0.28125,0.41025641025641,0.5625,0.97275641025641,0.357142857142857,0.333333333333333,0,0.222222222222222
"4088",598,163,0,20,0.326388888888889,0.373417721518987,0.458333333333333,0.831751054852321,0.347305389221557,0.148936170212766,0,0.0851063829787234
"4089",484,128,0,6,0.243697478991597,0.296875,0.260504201680672,0.557379201680672,0.31390134529148,0.0689655172413793,0,0
"4090",97,24,0,3,0.285714285714286,0.375,0.571428571428571,0.946428571428571,0.32,0.5,0,0.166666666666667
"4091",122,30,0,3,0.208333333333333,0.366666666666667,0.291666666666667,0.658333333333333,0.26984126984127,0.4,0,0
"4092",377,98,0,10,0.252873563218391,0.309278350515464,0.32183908045977,0.631117430975234,0.343820224719101,0.181818181818182,0.0454545454545455,0
"4093",156,35,0,2,0.107142857142857,0.264705882352941,0.25,0.514705882352941,0.33652312599681,0.333333333333333,0,0.333333333333333
"4094",119,38,0,7,0.441176470588235,0.486486486486487,0.617647058823529,1.10413354531002,0.339066339066339,0.2,0,0.0666666666666667
"4095",168,44,0,4,0.153846153846154,0.232558139534884,0.256410256410256,0.48896839594514,0.306451612903226,0.166666666666667,0,0.166666666666667
"4096",443,112,0,17,0.302083333333333,0.354545454545455,0.447916666666667,0.802462121212121,0.311050477489768,0.206896551724138,0.0344827586206897,0.0689655172413793
"4097",42,12,0,1,0.363636363636364,0.416666666666667,0.363636363636364,0.78030303030303,0.294117647058824,0,0,0
"4098",206,52,0,1,0.204081632653061,0.235294117647059,0.244897959183673,0.480192076830732,0.291803278688525,0.2,0,0
"4099",37,10,0,1,0.222222222222222,0.3,0.444444444444444,0.744444444444444,0.349794238683128,0,0.5,0
"4100",448,128,0,14,0.300884955752212,0.373015873015873,0.424778761061947,0.79779463407782,0.315638450502152,0.147058823529412,0,0.0882352941176471
"4101",500,124,0,13,0.162162162162162,0.25,0.315315315315315,0.565315315315315,0.265625,0.277777777777778,0,0.222222222222222
"4102",112,22,0,1,0.421052631578947,0.5,0.421052631578947,0.921052631578947,0.315217391304348,0,0,0
"4103",457,130,1,22,0.354838709677419,0.37984496124031,0.491935483870968,0.871780445111278,0.307692307692308,0.204545454545455,0.0227272727272727,0.0454545454545455
"4104",33,10,0,4,0.4,0.4,1,1.4,0.452380952380952,0.75,0,0.25
"4105",109,28,0,7,0.230769230769231,0.285714285714286,0.5,0.785714285714286,0.36222005842259,0.166666666666667,0,0.333333333333333
"4106",186,55,0,3,0.24,0.272727272727273,0.36,0.632727272727273,0.339350180505415,0.25,0,0.0833333333333333
"4107",55,14,0,4,0.4,0.571428571428571,0.4,0.971428571428571,0.350951374207188,0,0,0
"4108",150,38,0,4,0.333333333333333,0.405405405405405,0.545454545454545,0.950859950859951,0.364779874213836,0.363636363636364,0,0.0909090909090909
"4109",334,81,0,8,0.125,0.283950617283951,0.21875,0.502700617283951,0.331908831908832,0.375,0,0.125
"4110",380,97,0,9,0.276315789473684,0.43298969072165,0.328947368421053,0.761937059142702,0.294117647058824,0.19047619047619,0,0
"4111",338,88,0,6,0.289473684210526,0.379310344827586,0.407894736842105,0.787205081669691,0.3125,0.0454545454545455,0.0454545454545455,0.0909090909090909
"4112",94,22,0,2,0.1875,0.409090909090909,0.1875,0.596590909090909,0.393939393939394,0,0,0
"4113",213,56,0,1,0.142857142857143,0.25,0.163265306122449,0.413265306122449,0.316129032258064,0.142857142857143,0,0
"4114",186,46,0,3,0.225,0.326086956521739,0.325,0.651086956521739,0.287190082644628,0.222222222222222,0.111111111111111,0
"4115",469,133,0,17,0.306451612903226,0.343511450381679,0.42741935483871,0.770930805220389,0.301424050632911,0.184210526315789,0.0263157894736842,0.0526315789473684
"4116",467,134,0,22,0.31404958677686,0.373134328358209,0.462809917355372,0.835944245713581,0.301282051282051,0.236842105263158,0,0.0789473684210526
"4117",40,11,0,0,0.2,0.272727272727273,0.2,0.472727272727273,0.321428571428571,0,0,0
"4118",225,59,0,6,0.254545454545455,0.305084745762712,0.418181818181818,0.72326656394453,0.258278145695364,0.285714285714286,0.0714285714285714,0.0714285714285714
"4119",14,5,0,1,0.5,0.4,0.75,1.15,0.365358592692828,0.5,0,0
"4120",497,138,0,25,0.316666666666667,0.37956204379562,0.508333333333333,0.887895377128954,0.312098991750687,0.131578947368421,0,0.157894736842105
"4121",144,34,0,1,0.185185185185185,0.352941176470588,0.185185185185185,0.538126361655773,0.3486529318542,0,0,0
"4122",14,6,0,2,0.5,0.5,1.16666666666667,1.66666666666667,0.273858921161826,0.333333333333333,0,0.333333333333333
"4123",123,34,0,4,0.352941176470588,0.352941176470588,0.529411764705882,0.882352941176471,0.333333333333333,0.25,0,0.0833333333333333
"4124",188,44,0,0,0.0789473684210526,0.204545454545455,0.0789473684210526,0.283492822966507,0.301801801801802,0,0,0
"4125",388,99,0,21,0.413793103448276,0.459183673469388,0.574712643678161,1.03389631714755,0.338160136286201,0.138888888888889,0,0.0833333333333333
"4126",87,21,0,1,0.2,0.238095238095238,0.2,0.438095238095238,0.316326530612245,0,0,0
"4127",166,48,0,5,0.219512195121951,0.282608695652174,0.463414634146341,0.746023329798515,0.348127600554785,0.111111111111111,0,0.333333333333333
"4128",187,47,0,11,0.325,0.404255319148936,0.5,0.904255319148936,0.286516853932584,0.0769230769230769,0,0.153846153846154
"4129",72,20,0,4,0.421052631578947,0.45,0.526315789473684,0.976315789473684,0.331292517006803,0.25,0,0
"4130",31,8,0,0,0.375,0.375,0.375,0.75,0.24,0,0,0
"4131",505,131,1,6,0.230769230769231,0.302325581395349,0.273504273504274,0.575829854899622,0.323069852941176,0.185185185185185,0,0
"4132",221,59,0,9,0.34,0.431034482758621,0.36,0.791034482758621,0.327510917030568,0.0588235294117647,0,0
"4133",368,95,0,6,0.232558139534884,0.297872340425532,0.348837209302326,0.646709549727857,0.322456813819578,0.2,0,0.1
"4134",277,72,0,9,0.242424242424242,0.263888888888889,0.378787878787879,0.642676767676768,0.319057815845824,0.25,0.0625,0.0625
"4135",212,55,0,4,0.170212765957447,0.259259259259259,0.234042553191489,0.493301812450749,0.347058823529412,0.375,0,0
"4136",23,6,0,1,0.333333333333333,0.6,0.333333333333333,0.933333333333333,0.311111111111111,0,0,0
"4137",202,50,0,4,0.318181818181818,0.4,0.340909090909091,0.740909090909091,0.33125,0.0714285714285714,0,0
"4138",167,39,0,7,0.3125,0.351351351351351,0.5,0.851351351351351,0.329166666666667,0.3,0,0.1
"4139",456,116,0,5,0.238095238095238,0.301724137931034,0.247619047619048,0.549343185550082,0.351906158357771,0.04,0,0
"4140",193,46,0,1,0.194444444444444,0.288888888888889,0.222222222222222,0.511111111111111,0.284237726098191,0.142857142857143,0,0
"4141",451,123,0,22,0.275229357798165,0.327868852459016,0.394495412844037,0.722364265303053,0.323215289488477,0.233333333333333,0,0.0666666666666667
"4142",76,23,0,2,0.2,0.260869565217391,0.35,0.610869565217391,0.303754266211604,0,0,0.25
"4143",18,3,0,0,0,0,0,0,0.325657894736842,0,0,0
"4144",109,29,0,3,0.318181818181818,0.482758620689655,0.363636363636364,0.846394984326019,0.323976608187135,0.142857142857143,0,0
"4145",60,16,0,4,0.428571428571429,0.5,0.714285714285714,1.21428571428571,0.470588235294118,0.166666666666667,0,0.166666666666667
"4146",213,57,0,6,0.25,0.368421052631579,0.416666666666667,0.785087719298246,0.305587229190422,0.166666666666667,0,0.166666666666667
"4147",324,90,0,15,0.240506329113924,0.3,0.316455696202532,0.616455696202532,0.294017094017094,0.157894736842105,0,0.0526315789473684
"4148",162,43,0,4,0.27027027027027,0.357142857142857,0.378378378378378,0.735521235521235,0.2997542997543,0.4,0,0
"4149",383,90,0,7,0.205479452054795,0.337078651685393,0.301369863013699,0.638448514699092,0.315441176470588,0.333333333333333,0.0666666666666667,0
"4150",42,7,0,1,0.4,0.571428571428571,0.4,0.971428571428571,0.411764705882353,0,0,0
"4151",241,59,0,4,0.313725490196078,0.406779661016949,0.431372549019608,0.838152210036557,0.304713804713805,0.0625,0.0625,0.0625
"4152",142,37,0,12,0.428571428571429,0.542857142857143,0.571428571428571,1.11428571428571,0.34070796460177,0.333333333333333,0,0
"4153",116,34,0,6,0.428571428571429,0.5,0.428571428571429,0.928571428571429,0.346534653465347,0,0,0
"4154",279,69,0,12,0.254237288135593,0.338235294117647,0.355932203389831,0.694167497507478,0.301255230125523,0.2,0,0.0666666666666667
"4155",460,128,0,10,0.28448275862069,0.325396825396825,0.370689655172414,0.696086480569239,0.275816993464052,0.0303030303030303,0,0.0909090909090909
"4156",67,19,0,4,0.5,0.529411764705882,0.75,1.27941176470588,0.296718972895863,0,0,0.166666666666667
"4157",138,39,0,3,0.222222222222222,0.282051282051282,0.333333333333333,0.615384615384615,0.313703284258211,0.125,0,0.125
"4158",46,10,0,2,0.444444444444444,0.4,0.666666666666667,1.06666666666667,0.303317535545024,0.5,0,0
"4159",254,62,0,11,0.333333333333333,0.403225806451613,0.462962962962963,0.866188769414576,0.30952380952381,0.0555555555555556,0,0.111111111111111
"4160",159,43,0,11,0.413793103448276,0.558139534883721,0.586206896551724,1.14434643143545,0.356363636363636,0.166666666666667,0,0.0833333333333333
"4161",47,13,0,6,0.375,0.615384615384615,0.5,1.11538461538462,0.347826086956522,0.333333333333333,0,0
"4162",97,25,0,4,0.333333333333333,0.36,0.583333333333333,0.943333333333333,0.278372591006424,0.375,0,0.125
"4163",149,39,0,1,0.114285714285714,0.205128205128205,0.142857142857143,0.347985347985348,0.284069097888676,0.25,0,0
"4164",186,46,0,1,0.157894736842105,0.304347826086957,0.184210526315789,0.488558352402746,0.29987293519695,0.166666666666667,0,0
"4165",482,132,0,11,0.203252032520325,0.257575757575758,0.317073170731707,0.574648928307465,0.295361127422196,0.08,0,0.16
"4166",472,119,0,21,0.326923076923077,0.394957983193277,0.480769230769231,0.875727213962508,0.312649164677804,0.205882352941176,0,0.0882352941176471
"4167",342,79,0,5,0.2,0.269230769230769,0.285714285714286,0.554945054945055,0.327272727272727,0.285714285714286,0.0714285714285714,0
"4168",212,52,0,2,0.260869565217391,0.346153846153846,0.391304347826087,0.737458193979933,0.343470483005367,0.25,0,0.0833333333333333
"4169",24,8,0,0,0.285714285714286,0.375,0.285714285714286,0.660714285714286,0.466666666666667,0,0,0
"4170",76,20,0,4,0.388888888888889,0.45,0.5,0.95,0.290633608815427,0.285714285714286,0,0
"4171",95,30,0,8,0.407407407407407,0.448275862068966,0.518518518518518,0.966794380587484,0.324572930354796,0.272727272727273,0,0
"4172",126,31,0,5,0.259259259259259,0.354838709677419,0.444444444444444,0.799283154121864,0.307553956834532,0.285714285714286,0,0.142857142857143
"4173",239,64,0,4,0.203389830508475,0.238095238095238,0.338983050847458,0.577078288942696,0.319083969465649,0.416666666666667,0,0.0833333333333333
"4174",448,125,0,23,0.355140186915888,0.422764227642276,0.579439252336449,1.00220347997872,0.323320158102767,0.210526315789474,0.0526315789473684,0.105263157894737
"4175",21,6,0,0,0,0.5,0,0.5,0.313953488372093,0,0,0
"4176",493,131,0,13,0.293103448275862,0.353846153846154,0.448275862068966,0.802122015915119,0.320437670965221,0.264705882352941,0,0.0882352941176471
"4177",373,87,0,10,0.253333333333333,0.344827586206897,0.373333333333333,0.71816091954023,0.305204648812532,0.157894736842105,0,0.105263157894737
"4178",170,40,0,2,0.210526315789474,0.225,0.368421052631579,0.593421052631579,0.308529945553539,0.375,0,0.125
"4179",121,29,0,0,0.037037037037037,0.103448275862069,0.037037037037037,0.140485312899106,0.269633507853403,0,0,0
"4180",381,98,0,12,0.230769230769231,0.275510204081633,0.351648351648352,0.627158555729984,0.330211927057664,0.0952380952380952,0,0.142857142857143
"4181",367,86,0,7,0.215189873417722,0.27906976744186,0.329113924050633,0.608183691492493,0.304704595185996,0.0588235294117647,0.0588235294117647,0.117647058823529
"4182",41,10,0,2,0.444444444444444,0.444444444444444,0.444444444444444,0.888888888888889,0.383928571428571,0,0,0
"4183",59,17,0,4,0.25,0.470588235294118,0.25,0.720588235294118,0.297872340425532,0,0,0
"4184",253,59,0,7,0.232142857142857,0.271186440677966,0.357142857142857,0.628329297820823,0.280748663101604,0.0769230769230769,0,0.153846153846154
"4185",71,21,0,4,0.2,0.428571428571429,0.2,0.628571428571429,0.365853658536585,0,0,0
"4186",65,14,0,1,0.181818181818182,0.357142857142857,0.181818181818182,0.538961038961039,0.25,0,0,0
"4187",26,7,0,3,0.5,0.571428571428571,1,1.57142857142857,0.324175824175824,0.333333333333333,0.333333333333333,0
"4188",377,95,0,7,0.235955056179775,0.273684210526316,0.337078651685393,0.610762862211709,0.313120176405733,0.285714285714286,0,0.0476190476190476
"4189",147,39,0,1,0.166666666666667,0.324324324324324,0.166666666666667,0.490990990990991,0.326424870466321,0,0,0
"4190",56,15,0,0,0.214285714285714,0.266666666666667,0.285714285714286,0.552380952380952,0.322222222222222,0.333333333333333,0,0
"4191",56,14,0,4,0.5,0.571428571428571,0.833333333333333,1.4047619047619,0.306,0.166666666666667,0,0.166666666666667
"4192",90,24,0,2,0.181818181818182,0.217391304347826,0.272727272727273,0.490118577075099,0.272727272727273,0.5,0,0
"4193",48,16,0,5,0.357142857142857,0.375,0.714285714285714,1.08928571428571,0.296762589928058,0.4,0,0.2
"4194",91,24,0,1,0.19047619047619,0.291666666666667,0.238095238095238,0.529761904761905,0.309477756286267,0.25,0,0
"4195",590,158,0,11,0.287671232876712,0.329032258064516,0.349315068493151,0.678347326557667,0.316349809885932,0.0714285714285714,0,0.0476190476190476
"4196",61,21,0,2,0.25,0.368421052631579,0.3125,0.680921052631579,0.322916666666667,0.25,0,0
"4197",171,43,0,2,0.210526315789474,0.285714285714286,0.210526315789474,0.496240601503759,0.316753926701571,0,0,0
"4198",72,23,0,2,0.222222222222222,0.363636363636364,0.222222222222222,0.585858585858586,0.296127562642369,0,0,0
"4199",156,38,0,7,0.3125,0.342105263157895,0.625,0.967105263157895,0.3184421534937,0.4,0,0.2
"4200",114,30,0,6,0.346153846153846,0.433333333333333,0.461538461538462,0.894871794871795,0.268382352941176,0.333333333333333,0,0
"4201",258,58,0,13,0.260869565217391,0.396551724137931,0.326086956521739,0.72263868065967,0.354098360655738,0.25,0,0
"4202",206,45,0,5,0.314285714285714,0.466666666666667,0.428571428571429,0.895238095238095,0.320224719101124,0.181818181818182,0.0909090909090909,0
"4203",73,16,0,2,0.357142857142857,0.4375,0.428571428571429,0.866071428571429,0.351145038167939,0.2,0,0
"4204",345,81,0,7,0.266666666666667,0.320987654320988,0.32,0.640987654320988,0.321070234113712,0.2,0,0
"4205",392,96,0,8,0.268292682926829,0.357894736842105,0.390243902439024,0.74813863928113,0.327160493827161,0.181818181818182,0,0.0909090909090909
"4206",456,111,1,22,0.378947368421053,0.454545454545455,0.473684210526316,0.92822966507177,0.352941176470588,0.166666666666667,0,0.0277777777777778
"4207",384,90,0,4,0.2125,0.3,0.25,0.55,0.28719723183391,0,0,0.0588235294117647
"4208",177,44,0,4,0.292682926829268,0.318181818181818,0.317073170731707,0.635254988913525,0.326170376055257,0.0833333333333333,0,0
"4209",435,120,0,20,0.314285714285714,0.383333333333333,0.533333333333333,0.916666666666667,0.316209476309227,0.151515151515152,0,0.181818181818182
"4210",376,108,0,12,0.225490196078431,0.259259259259259,0.313725490196078,0.572984749455338,0.309895833333333,0.260869565217391,0,0.0434782608695652
"4211",186,48,0,6,0.238095238095238,0.333333333333333,0.452380952380952,0.785714285714286,0.335380835380835,0.3,0,0.2
"4212",168,44,0,5,0.25,0.318181818181818,0.45,0.768181818181818,0.313274336283186,0.2,0,0.2
"4213",82,23,0,1,0.272727272727273,0.304347826086957,0.272727272727273,0.577075098814229,0.267123287671233,0,0,0
"4214",224,56,0,11,0.37037037037037,0.392857142857143,0.555555555555556,0.948412698412698,0.347931873479319,0.2,0,0.1
"4215",123,32,0,3,0.25,0.34375,0.357142857142857,0.700892857142857,0.327800829875519,0.428571428571429,0,0
"4216",155,45,0,1,0.135135135135135,0.272727272727273,0.216216216216216,0.488943488943489,0.324022346368715,0,0,0.2
"4217",191,42,0,4,0.210526315789474,0.285714285714286,0.421052631578947,0.706766917293233,0.310734463276836,0.375,0.125,0.125
"4218",89,22,0,3,0.263157894736842,0.363636363636364,0.421052631578947,0.784688995215311,0.335120643431635,0,0,0.2
"4219",47,11,0,2,0.444444444444444,0.545454545454545,0.555555555555556,1.1010101010101,0.312101910828025,0.25,0,0
"4220",379,109,0,20,0.329896907216495,0.37962962962963,0.391752577319588,0.771382206949217,0.325334821428571,0.1875,0,0
"4221",571,147,0,13,0.2421875,0.324137931034483,0.28125,0.605387931034483,0.308720560152769,0.0645161290322581,0,0.032258064516129
"4222",56,19,0,6,0.388888888888889,0.421052631578947,0.444444444444444,0.865497076023392,0.461538461538462,0.142857142857143,0,0
"4223",295,69,0,8,0.241935483870968,0.304347826086957,0.370967741935484,0.67531556802244,0.316011235955056,0.133333333333333,0,0.133333333333333
"4224",155,42,0,3,0.189189189189189,0.285714285714286,0.27027027027027,0.555984555984556,0.331738437001595,0.428571428571429,0,0
"4225",405,102,0,16,0.298850574712644,0.396039603960396,0.505747126436782,0.901786730397178,0.333333333333333,0.346153846153846,0,0.115384615384615
"4226",498,129,0,3,0.188524590163934,0.232558139534884,0.204918032786885,0.437476172321769,0.279187817258883,0.0869565217391304,0,0
"4227",20,3,0,2,1,1,1,2,0.471698113207547,0,0,0
"4228",156,41,0,1,0.105263157894737,0.125,0.131578947368421,0.256578947368421,0.330188679245283,0.25,0,0
"4229",64,17,0,0,0.117647058823529,0.117647058823529,0.117647058823529,0.235294117647059,0.339593114241002,0,0,0
"4230",238,52,0,2,0.204545454545455,0.326923076923077,0.227272727272727,0.554195804195804,0.32398316970547,0.111111111111111,0,0
"4231",7,2,0,1,0,0.5,0,0.5,0.350951374207188,0,0,0
"4232",142,32,0,2,0.25,0.25,0.34375,0.59375,0.319294809010774,0,0,0.125
"4233",150,41,0,3,0.194444444444444,0.292682926829268,0.194444444444444,0.487127371273713,0.344036697247706,0,0,0
"4234",174,40,0,8,0.3,0.461538461538462,0.533333333333333,0.994871794871795,0.295774647887324,0.111111111111111,0,0.222222222222222
"4235",52,17,0,7,0.5,0.588235294117647,0.714285714285714,1.30252100840336,0.381818181818182,0,0,0.142857142857143
"4236",23,5,0,2,0.6,0.6,1.2,1.8,0.347826086956522,0,0,0.333333333333333
"4237",171,44,0,4,0.189189189189189,0.302325581395349,0.243243243243243,0.545568824638592,0.348045397225725,0.285714285714286,0,0
"4238",281,75,0,22,0.396825396825397,0.493333333333333,0.650793650793651,1.14412698412698,0.319303338171263,0.16,0,0.16
"4239",90,24,0,7,0.333333333333333,0.416666666666667,0.571428571428571,0.988095238095238,0.333793103448276,0.285714285714286,0,0.142857142857143
"4240",126,32,0,6,0.307692307692308,0.40625,0.461538461538462,0.867788461538462,0.299180327868852,0.125,0,0.125
"4241",31,8,0,0,0.285714285714286,0.375,0.285714285714286,0.660714285714286,0.333333333333333,0,0,0
"4242",94,28,0,5,0.32,0.392857142857143,0.4,0.792857142857143,0.362694300518135,0.25,0,0
"4243",483,134,0,20,0.268292682926829,0.310606060606061,0.349593495934959,0.66019955654102,0.315673289183223,0.242424242424242,0.0303030303030303,0
"4244",362,93,0,11,0.231707317073171,0.293478260869565,0.402439024390244,0.695917285259809,0.312989045383412,0.157894736842105,0.0526315789473684,0.157894736842105
"4245",168,35,0,3,0.130434782608696,0.4,0.304347826086957,0.704347826086957,0.206896551724138,0.333333333333333,0,0.333333333333333
"4246",128,41,0,8,0.447368421052632,0.463414634146341,0.657894736842105,1.12130937098845,0.370179948586118,0.294117647058824,0,0.0588235294117647
"4247",49,14,0,3,0.25,0.285714285714286,0.5,0.785714285714286,0.338947368421053,0.333333333333333,0.333333333333333,0
"4248",165,41,0,5,0.371428571428571,0.394736842105263,0.542857142857143,0.937593984962406,0.347619047619048,0,0,0.153846153846154
"4249",120,28,0,2,0.28,0.321428571428571,0.36,0.681428571428571,0.30635838150289,0.285714285714286,0,0
"4250",58,19,0,5,0.5,0.473684210526316,0.833333333333333,1.30701754385965,0.344800625488663,0.333333333333333,0,0.111111111111111
"4251",49,13,0,4,0.125,0.384615384615385,0.25,0.634615384615385,0.312775330396476,1,0,0
"4252",46,14,0,4,0.461538461538462,0.5,0.769230769230769,1.26923076923077,0.363534675615213,0.166666666666667,0,0.166666666666667
"4253",107,29,0,5,0.4,0.448275862068966,0.56,1.00827586206897,0.344569288389513,0.1,0,0.1
"4254",90,29,0,3,0.291666666666667,0.392857142857143,0.541666666666667,0.93452380952381,0.31986531986532,0.142857142857143,0.142857142857143,0.142857142857143
"4255",144,38,0,0,0.157894736842105,0.157894736842105,0.210526315789474,0.368421052631579,0.272727272727273,0,0.166666666666667,0
"4256",109,31,0,8,0.444444444444444,0.483870967741935,0.703703703703704,1.18757467144564,0.311926605504587,0.333333333333333,0,0.0833333333333333
"4257",145,35,0,4,0.290322580645161,0.342857142857143,0.451612903225806,0.794470046082949,0.308510638297872,0.333333333333333,0.111111111111111,0
"4258",149,33,0,3,0.275862068965517,0.363636363636364,0.275862068965517,0.639498432601881,0.352226720647773,0,0,0
"4259",142,35,0,4,0.111111111111111,0.314285714285714,0.111111111111111,0.425396825396825,0.307692307692308,0,0,0
"4260",76,19,0,1,0.333333333333333,0.368421052631579,0.444444444444444,0.812865497076023,0.341836734693878,0.333333333333333,0,0
"4261",184,49,0,9,0.3,0.375,0.6,0.975,0.244444444444444,0.0833333333333333,0.0833333333333333,0.25
"4262",348,92,0,17,0.294871794871795,0.384615384615385,0.435897435897436,0.82051282051282,0.331349206349206,0.260869565217391,0.0434782608695652,0.0434782608695652
"4263",387,97,0,7,0.157303370786517,0.21875,0.280898876404494,0.499648876404494,0.347305389221557,0.357142857142857,0,0.142857142857143
"4264",384,98,0,7,0.230769230769231,0.26530612244898,0.285714285714286,0.551020408163265,0.31390134529148,0.238095238095238,0,0
"4265",65,18,0,1,0.25,0.277777777777778,0.3125,0.590277777777778,0.32,0.25,0,0
"4266",21,5,0,0,0.2,0.2,0.2,0.4,0.26984126984127,0,0,0
"4267",269,73,0,11,0.296875,0.361111111111111,0.46875,0.829861111111111,0.343820224719101,0.105263157894737,0,0.157894736842105
"4268",134,36,0,5,0.3125,0.388888888888889,0.46875,0.857638888888889,0.33652312599681,0.2,0,0.1
"4269",98,25,0,4,0.32,0.32,0.68,1,0.339066339066339,0.5,0.125,0.125
"4270",167,51,0,2,0.234042553191489,0.26,0.319148936170213,0.579148936170213,0.306451612903226,0.363636363636364,0,0
"4271",36,9,0,1,0.166666666666667,0.25,0.166666666666667,0.416666666666667,0.343598055105348,0,0,0
"4272",267,64,0,10,0.30188679245283,0.40625,0.452830188679245,0.859080188679245,0.311050477489768,0,0.0625,0.125
"4273",188,56,0,9,0.333333333333333,0.410714285714286,0.479166666666667,0.889880952380952,0.291803278688525,0.25,0,0.0625
"4274",10,2,0,0,0,0,0,0,0.257142857142857,0,0,0
"4275",379,113,0,11,0.303921568627451,0.366071428571429,0.401960784313726,0.768032212885154,0.315638450502152,0.129032258064516,0,0.0645161290322581
"4276",411,107,0,9,0.221052631578947,0.292452830188679,0.347368421052632,0.639821251241311,0.265625,0,0,0.19047619047619
"4277",385,103,0,14,0.262626262626263,0.29126213592233,0.414141414141414,0.705403550063744,0.307692307692308,0.0384615384615385,0.0384615384615385,0.153846153846154
"4278",146,37,0,5,0.285714285714286,0.324324324324324,0.457142857142857,0.781467181467181,0.339350180505415,0.3,0,0.1
"4279",28,8,0,4,0.75,0.75,1.125,1.875,0.350951374207188,0.5,0,0
"4280",91,23,0,3,0.352941176470588,0.454545454545455,0.647058823529412,1.10160427807487,0.364779874213836,0,0.166666666666667,0.166666666666667
"4281",183,45,0,6,0.27027027027027,0.377777777777778,0.432432432432432,0.81021021021021,0.331908831908832,0.6,0,0
"4282",242,62,0,12,0.230769230769231,0.344262295081967,0.461538461538462,0.805800756620429,0.294117647058824,0.25,0,0.25
"4283",88,23,0,0,0.1,0.217391304347826,0.1,0.317391304347826,0.3125,0,0,0
"4284",207,59,0,10,0.372549019607843,0.421052631578947,0.431372549019608,0.852425180598555,0.316129032258064,0.157894736842105,0,0
"4285",116,29,0,0,0.148148148148148,0.206896551724138,0.148148148148148,0.355044699872286,0.287190082644628,0,0,0
"4286",395,108,0,10,0.22680412371134,0.289719626168224,0.247422680412371,0.537142306580595,0.301424050632911,0.0909090909090909,0,0
"4287",359,102,0,9,0.252631578947368,0.284313725490196,0.305263157894737,0.589576883384933,0.301282051282051,0.208333333333333,0,0
"4288",61,18,0,3,0.25,0.277777777777778,0.25,0.527777777777778,0.321428571428571,0,0,0
"4289",84,22,0,6,0.5,0.545454545454545,0.75,1.29545454545455,0.258278145695364,0.2,0,0.1
"4290",9,2,0,2,1,1,1,2,0.347619047619048,0,0,0
"4291",34,10,0,2,0.222222222222222,0.3,0.222222222222222,0.522222222222222,0.365358592692828,0,0,0
"4292",383,101,0,17,0.290322580645161,0.346534653465347,0.516129032258065,0.862663685723411,0.312098991750687,0,0,0.259259259259259
"4293",101,29,0,6,0.321428571428571,0.310344827586207,0.535714285714286,0.846059113300493,0.3486529318542,0,0,0.222222222222222
"4294",38,12,0,2,0.363636363636364,0.416666666666667,0.454545454545455,0.871212121212121,0.273858921161826,0.25,0,0
"4295",105,29,0,2,0.192307692307692,0.241379310344828,0.307692307692308,0.549071618037135,0.333333333333333,0,0,0.2
"4296",128,34,0,6,0.230769230769231,0.382352941176471,0.538461538461538,0.920814479638009,0.301801801801802,0.333333333333333,0,0.333333333333333
"4297",30,7,0,3,0.571428571428571,0.571428571428571,0.857142857142857,1.42857142857143,0.316326530612245,0.5,0,0
"4298",129,30,0,1,0.266666666666667,0.266666666666667,0.366666666666667,0.633333333333333,0.348127600554785,0,0,0.125
"4299",7,4,0,2,0.5,0.5,1.5,2,0.286516853932584,0.5,0,0.5
"4300",326,90,0,14,0.265822784810127,0.337078651685393,0.506329113924051,0.843407765609444,0.331292517006803,0.285714285714286,0.0952380952380952,0.142857142857143
"4301",48,11,0,3,0.333333333333333,0.454545454545455,0.555555555555556,1.01010101010101,0.367088607594937,0.666666666666667,0,0
"4302",20,5,0,0,0.25,0.4,0.25,0.65,0.383886255924171,0,0,0
"4303",92,25,0,3,0.15,0.32,0.2,0.52,0.24,0.333333333333333,0,0
"4304",407,111,0,13,0.29,0.354545454545455,0.33,0.684545454545455,0.323069852941176,0.137931034482759,0,0
"4305",101,30,0,2,0.28,0.344827586206897,0.52,0.864827586206897,0.327510917030568,0,0,0.285714285714286
"4306",243,60,0,13,0.384615384615385,0.457627118644068,0.673076923076923,1.13070404172099,0.322456813819578,0.2,0.05,0.15
"4307",367,95,0,13,0.32183908045977,0.357894736842105,0.379310344827586,0.737205081669691,0.319057815845824,0.0714285714285714,0,0.0357142857142857
"4308",147,36,0,7,0.321428571428571,0.411764705882353,0.607142857142857,1.01890756302521,0.347058823529412,0,0.111111111111111,0.222222222222222
"4309",116,33,0,1,0.137931034482759,0.242424242424242,0.172413793103448,0.414838035527691,0.33125,0.25,0,0
"4310",258,71,0,14,0.32258064516129,0.4,0.5,0.9,0.351906158357771,0.25,0,0.1
"4311",208,51,0,5,0.266666666666667,0.34,0.377777777777778,0.717777777777778,0.284237726098191,0.416666666666667,0,0
"4312",284,79,0,9,0.309859154929577,0.354430379746835,0.380281690140845,0.734712069887681,0.323215289488477,0.0454545454545455,0.0909090909090909,0
"4313",153,36,0,2,0.2,0.305555555555556,0.266666666666667,0.572222222222222,0.303754266211604,0.333333333333333,0,0
"4314",43,11,0,2,0.4,0.454545454545455,0.6,1.05454545454545,0.325657894736842,0.5,0,0
"4315",88,21,0,5,0.421052631578947,0.428571428571429,0.736842105263158,1.16541353383459,0.33112582781457,0.375,0,0.125
"4316",26,5,0,1,0.5,0.6,0.5,1.1,0.470588235294118,0,0,0
"4317",93,21,0,2,0.157894736842105,0.238095238095238,0.157894736842105,0.395989974937343,0.305587229190422,0,0,0
"4318",303,85,0,5,0.269230769230769,0.313253012048193,0.371794871794872,0.685047883843065,0.294017094017094,0.238095238095238,0,0.0476190476190476
"4319",47,10,0,2,0.2,0.6,0.2,0.8,0.2997542997543,0,0,0
"4320",46,11,0,0,0,0.272727272727273,0,0.272727272727273,0.344827586206897,0,0,0
"4321",390,102,0,6,0.157303370786517,0.254901960784314,0.235955056179775,0.490857016964089,0.315441176470588,0.142857142857143,0.0714285714285714,0.0714285714285714
"4322",208,52,0,6,0.19047619047619,0.333333333333333,0.261904761904762,0.595238095238095,0.304713804713805,0.375,0,0
"4323",55,13,0,0,0.0833333333333333,0.153846153846154,0.0833333333333333,0.237179487179487,0.346534653465347,0,0,0
"4324",356,99,0,15,0.337078651685393,0.381443298969072,0.471910112359551,0.853353411328623,0.275816993464052,0.2,0,0.0666666666666667
"4325",284,76,0,8,0.246376811594203,0.302631578947368,0.289855072463768,0.592486651411137,0.283653846153846,0.176470588235294,0,0
"4326",101,24,0,3,0.2,0.304347826086957,0.25,0.554347826086957,0.296718972895863,0.25,0,0
"4327",119,33,0,4,0.241379310344828,0.303030303030303,0.241379310344828,0.544409613375131,0.313703284258211,0,0,0
"4328",80,26,0,6,0.363636363636364,0.423076923076923,0.454545454545455,0.877622377622378,0.303317535545024,0,0.125,0
"4329",40,10,0,1,0.285714285714286,0.444444444444444,0.428571428571429,0.873015873015873,0.314220183486239,0.5,0,0
"4330",76,18,0,2,0.235294117647059,0.277777777777778,0.411764705882353,0.689542483660131,0.30952380952381,0.25,0.25,0
"4331",145,38,0,2,0.25,0.289473684210526,0.25,0.539473684210526,0.278372591006424,0,0,0
"4332",119,34,0,3,0.233333333333333,0.323529411764706,0.333333333333333,0.656862745098039,0.284069097888676,0,0,0.142857142857143
"4333",112,27,0,3,0.136363636363636,0.296296296296296,0.409090909090909,0.705387205387205,0.29987293519695,0,0,0.666666666666667
"4334",395,97,0,7,0.241758241758242,0.270833333333333,0.362637362637363,0.633470695970696,0.295361127422196,0.227272727272727,0,0.0909090909090909
"4335",363,93,0,7,0.209876543209877,0.304347826086957,0.246913580246914,0.55126140633387,0.312649164677804,0.176470588235294,0,0
"4336",197,45,0,3,0.268292682926829,0.333333333333333,0.365853658536585,0.699186991869919,0.327272727272727,0.363636363636364,0,0
"4337",126,34,0,3,0.258064516129032,0.303030303030303,0.387096774193548,0.690127077223851,0.343470483005367,0.125,0,0.125
"4338",116,31,0,10,0.444444444444444,0.5,0.703703703703704,1.2037037037037,0.290633608815427,0.333333333333333,0,0.0833333333333333
"4339",72,20,0,2,0.315789473684211,0.35,0.578947368421053,0.928947368421053,0.324572930354796,0.333333333333333,0,0.166666666666667
"4340",71,20,0,1,0.166666666666667,0.25,0.222222222222222,0.472222222222222,0.307553956834532,0.333333333333333,0,0
"4341",103,29,0,3,0.185185185185185,0.241379310344828,0.333333333333333,0.574712643678161,0.319083969465649,0,0.4,0
"4342",344,107,0,15,0.268041237113402,0.308411214953271,0.360824742268041,0.669235957221312,0.323320158102767,0.115384615384615,0,0.0769230769230769
"4343",286,74,0,10,0.328358208955224,0.378378378378378,0.492537313432836,0.870915691811214,0.320437670965221,0.181818181818182,0.0909090909090909,0.0454545454545455
"4344",404,99,0,9,0.261363636363636,0.333333333333333,0.340909090909091,0.674242424242424,0.305204648812532,0.173913043478261,0,0.0434782608695652
"4345",145,33,0,1,0.125,0.151515151515152,0.1875,0.339015151515151,0.308529945553539,0,0.25,0
"4346",389,99,0,6,0.230769230769231,0.292929292929293,0.32967032967033,0.622599622599623,0.330211927057664,0,0,0.142857142857143
"4347",290,73,0,13,0.287878787878788,0.356164383561644,0.575757575757576,0.93192195931922,0.304704595185996,0.0526315789473684,0,0.315789473684211
"4348",15,5,0,2,0.75,0.6,1,1.6,0.383928571428571,0.333333333333333,0,0
"4349",16,5,0,0,0.4,0.4,0.4,0.8,0.297872340425532,0,0,0
"4350",118,32,0,2,0.269230769230769,0.375,0.346153846153846,0.721153846153846,0.280748663101604,0.285714285714286,0,0
"4351",91,27,0,1,0.181818181818182,0.28,0.227272727272727,0.507272727272727,0.324175824175824,0.25,0,0
"4352",51,10,0,5,0.428571428571429,0.6,0.857142857142857,1.45714285714286,0.395061728395062,0,0,0.333333333333333
"4353",385,103,0,7,0.202247191011236,0.294117647058824,0.258426966292135,0.552544613350958,0.313120176405733,0.111111111111111,0,0.0555555555555556
"4354",125,32,0,3,0.310344827586207,0.34375,0.551724137931034,0.895474137931034,0.326424870466321,0.444444444444444,0,0.111111111111111
"4355",141,37,0,4,0.258064516129032,0.378378378378378,0.32258064516129,0.700959023539669,0.322222222222222,0.25,0,0
"4356",53,15,0,6,0.466666666666667,0.466666666666667,0.6,1.06666666666667,0.296762589928058,0.285714285714286,0,0
"4357",170,38,0,2,0.214285714285714,0.388888888888889,0.214285714285714,0.603174603174603,0.309477756286267,0,0,0
"4358",303,80,0,10,0.2,0.2375,0.306666666666667,0.544166666666667,0.316349809885932,0.133333333333333,0,0.133333333333333
"4359",182,51,0,0,0.173913043478261,0.254901960784314,0.173913043478261,0.428815004262575,0.316753926701571,0,0,0
"4360",40,11,0,0,0.1,0.181818181818182,0.1,0.281818181818182,0.3184421534937,0,0,0
"4361",102,22,0,1,0.15,0.227272727272727,0.15,0.377272727272727,0.268382352941176,0,0,0
"4362",84,22,0,5,0.315789473684211,0.409090909090909,0.526315789473684,0.935406698564593,0.354098360655738,0.666666666666667,0,0
"4363",81,23,0,6,0.222222222222222,0.391304347826087,0.222222222222222,0.613526570048309,0.35191637630662,0,0,0
"4364",173,45,0,6,0.297297297297297,0.363636363636364,0.486486486486487,0.85012285012285,0.320224719101124,0.0909090909090909,0,0.181818181818182
"4365",20,7,0,2,0.428571428571429,0.428571428571429,0.857142857142857,1.28571428571429,0.351145038167939,0,0,0.333333333333333
"4366",136,35,0,4,0.192307692307692,0.352941176470588,0.538461538461538,0.891402714932127,0.254098360655738,0.2,0.2,0.4
"4367",106,27,0,5,0.347826086956522,0.423076923076923,0.478260869565217,0.90133779264214,0.321070234113712,0.125,0.125,0
"4368",421,102,0,12,0.306818181818182,0.401960784313726,0.431818181818182,0.833778966131907,0.327160493827161,0.222222222222222,0.037037037037037,0.037037037037037
"4369",249,65,0,12,0.320754716981132,0.390625,0.471698113207547,0.862323113207547,0.352941176470588,0.117647058823529,0,0.117647058823529
"4370",347,93,2,10,0.290697674418605,0.344086021505376,0.406976744186047,0.751062765691423,0.28719723183391,0.32,0.04,0
"4371",122,31,0,1,0.166666666666667,0.193548387096774,0.266666666666667,0.460215053763441,0.326170376055257,0,0,0.2
"4372",278,73,0,8,0.285714285714286,0.366197183098592,0.444444444444444,0.810641627543036,0.316209476309227,0.277777777777778,0.0555555555555556,0.0555555555555556
"4373",388,100,0,12,0.308510638297872,0.33,0.468085106382979,0.798085106382979,0.309895833333333,0.172413793103448,0.0689655172413793,0.0689655172413793
"4374",164,42,0,5,0.256410256410256,0.30952380952381,0.41025641025641,0.71978021978022,0.335380835380835,0.3,0,0.1
"4375",99,24,0,0,0.1,0.25,0.25,0.5,0.313274336283186,0.5,0.5,0
"4376",126,36,0,1,0.1875,0.277777777777778,0.28125,0.559027777777778,0.267123287671233,0,0,0.166666666666667
"4377",107,32,0,2,0.233333333333333,0.25,0.333333333333333,0.583333333333333,0.347931873479319,0.428571428571429,0,0
"4378",39,12,0,2,0.545454545454545,0.583333333333333,0.636363636363636,1.21969696969697,0.327800829875519,0.166666666666667,0,0
"4379",89,24,0,3,0.25,0.333333333333333,0.45,0.783333333333333,0.324022346368715,0.4,0.2,0
"4380",204,56,0,4,0.25,0.339285714285714,0.416666666666667,0.755952380952381,0.310734463276836,0.5,0.0833333333333333,0
"4381",47,12,0,0,0.0833333333333333,0.0833333333333333,0.0833333333333333,0.166666666666667,0.335120643431635,0,0,0
"4382",81,26,0,1,0.32,0.346153846153846,0.48,0.826153846153846,0.331797235023041,0.25,0.125,0
"4383",266,74,0,8,0.253731343283582,0.315068493150685,0.343283582089552,0.658352075240237,0.325334821428571,0.176470588235294,0,0.0588235294117647
"4384",161,40,0,0,0.179487179487179,0.2,0.179487179487179,0.379487179487179,0.325581395348837,0,0,0
"4385",368,103,0,8,0.21505376344086,0.264705882352941,0.268817204301075,0.533523086654016,0.308720560152769,0.25,0,0
"4386",139,43,0,11,0.35,0.372093023255814,0.5,0.872093023255814,0.316011235955056,0.214285714285714,0,0.0714285714285714
"4387",75,20,0,0,0.157894736842105,0.2,0.157894736842105,0.357894736842105,0.331738437001595,0,0,0
"4388",373,104,0,10,0.236559139784946,0.307692307692308,0.333333333333333,0.641025641025641,0.279187817258883,0.136363636363636,0,0.0909090909090909
"4389",26,7,0,0,0.142857142857143,0.142857142857143,0.142857142857143,0.285714285714286,0.471698113207547,0,0,0
"4390",103,30,0,3,0.259259259259259,0.333333333333333,0.37037037037037,0.703703703703704,0.330188679245283,0,0,0.142857142857143
"4391",130,34,0,4,0.34375,0.363636363636364,0.40625,0.769886363636364,0.339593114241002,0.181818181818182,0,0
"4392",132,32,0,0,0.115384615384615,0.28125,0.115384615384615,0.396634615384615,0.32398316970547,0,0,0
"4393",269,71,0,8,0.28125,0.352112676056338,0.375,0.727112676056338,0.350951374207188,0.166666666666667,0,0.0555555555555556
"4394",28,8,0,3,0.2,0.428571428571429,0.2,0.628571428571429,0.405660377358491,0,0,0
"4395",146,42,0,7,0.277777777777778,0.357142857142857,0.277777777777778,0.634920634920635,0.319294809010774,0,0,0
"4396",374,100,0,20,0.413793103448276,0.47,0.540229885057471,1.01022988505747,0.344036697247706,0.166666666666667,0.0277777777777778,0.0277777777777778
"4397",38,10,0,5,0.666666666666667,0.7,1.33333333333333,2.03333333333333,0.469387755102041,0.5,0,0.166666666666667
"4398",64,14,0,6,0.636363636363636,0.714285714285714,0.909090909090909,1.62337662337662,0.295774647887324,0,0,0.142857142857143
"4399",189,52,0,9,0.285714285714286,0.326923076923077,0.551020408163265,0.877943485086342,0.273972602739726,0.0714285714285714,0,0.285714285714286
"4400",77,18,0,4,0.375,0.444444444444444,0.625,1.06944444444444,0.384615384615385,0.166666666666667,0,0.166666666666667
"4401",43,9,0,0,0.333333333333333,0.333333333333333,0.333333333333333,0.666666666666667,0.347826086956522,0,0,0
"4402",189,45,0,6,0.236842105263158,0.333333333333333,0.447368421052632,0.780701754385965,0.319303338171263,0.222222222222222,0,0.222222222222222
"4403",157,42,0,6,0.256410256410256,0.30952380952381,0.307692307692308,0.617216117216117,0.299180327868852,0.2,0,0
"4404",152,37,0,2,0.225806451612903,0.324324324324324,0.290322580645161,0.614646904969486,0.343915343915344,0.285714285714286,0,0
"4405",82,21,0,4,0.368421052631579,0.428571428571429,0.736842105263158,1.16541353383459,0.333333333333333,0.142857142857143,0,0.285714285714286
"4406",89,25,0,5,0.409090909090909,0.48,0.772727272727273,1.25272727272727,0.362694300518135,0.222222222222222,0,0.222222222222222
"4407",423,105,0,6,0.195876288659794,0.257142857142857,0.257731958762887,0.514874815905744,0.315673289183223,0,0,0.105263157894737
"4408",367,85,0,9,0.271428571428571,0.388235294117647,0.357142857142857,0.745378151260504,0.308823529411765,0.315789473684211,0,0
"4409",314,74,0,4,0.215384615384615,0.287671232876712,0.292307692307692,0.579978925184405,0.312989045383412,0,0.0714285714285714,0.0714285714285714
"4410",121,32,0,4,0.2,0.25,0.366666666666667,0.616666666666667,0.206896551724138,0.333333333333333,0,0.166666666666667
"4411",174,41,0,8,0.461538461538462,0.475,0.692307692307692,1.16730769230769,0.370179948586118,0.222222222222222,0.0555555555555556,0.0555555555555556
"4412",166,40,0,0,0.194444444444444,0.275,0.222222222222222,0.497222222222222,0.30635838150289,0.142857142857143,0,0
"4413",282,82,0,17,0.373333333333333,0.426829268292683,0.52,0.946829268292683,0.344800625488663,0.178571428571429,0,0.0714285714285714
"4414",145,42,0,4,0.263157894736842,0.30952380952381,0.342105263157895,0.651629072681704,0.312775330396476,0,0,0.1
"4415",115,32,0,11,0.448275862068966,0.46875,0.793103448275862,1.26185344827586,0.363534675615213,0.307692307692308,0,0.153846153846154
"4416",354,86,0,11,0.293333333333333,0.383720930232558,0.453333333333333,0.837054263565892,0.344569288389513,0.181818181818182,0.0454545454545455,0.0909090909090909
"4417",163,38,0,1,0.212121212121212,0.315789473684211,0.272727272727273,0.588516746411483,0.31986531986532,0,0.142857142857143,0
"4418",217,60,0,4,0.228070175438596,0.266666666666667,0.245614035087719,0.512280701754386,0.272727272727273,0.0769230769230769,0,0
"4419",235,61,0,6,0.283018867924528,0.333333333333333,0.358490566037736,0.691823899371069,0.339160839160839,0.266666666666667,0,0
"4420",118,33,0,2,0.193548387096774,0.242424242424242,0.387096774193548,0.629521016617791,0.308510638297872,0,0,0.333333333333333
"4421",140,39,0,11,0.333333333333333,0.384615384615385,0.484848484848485,0.869463869463869,0.352226720647773,0.181818181818182,0,0.0909090909090909
"4422",228,62,0,5,0.228070175438596,0.278688524590164,0.263157894736842,0.541846419327006,0.307692307692308,0.153846153846154,0,0
"4423",208,49,0,11,0.268292682926829,0.346938775510204,0.414634146341463,0.761572921851667,0.341836734693878,0,0,0.181818181818182
"4424",518,122,0,15,0.216494845360825,0.360655737704918,0.350515463917526,0.711171201622444,0.244444444444444,0.0952380952380952,0.0476190476190476,0.142857142857143
"4425",470,125,0,15,0.259259259259259,0.354838709677419,0.333333333333333,0.688172043010753,0.331349206349206,0.178571428571429,0,0.0357142857142857
"4426",20,5,0,3,0.8,0.8,1.2,2,0.357142857142857,0.5,0,0
"4427",476,124,0,21,0.349056603773585,0.422764227642276,0.481132075471698,0.903896303113975,0.347305389221557,0.216216216216216,0,0.0540540540540541
"4428",488,127,0,2,0.15702479338843,0.196850393700787,0.214876033057851,0.411726426758639,0.31390134529148,0.210526315789474,0,0.0526315789473684
"4429",134,33,0,2,0.185185185185185,0.333333333333333,0.259259259259259,0.592592592592593,0.32,0.4,0,0
"4430",401,111,0,14,0.284313725490196,0.336363636363636,0.480392156862745,0.816755793226381,0.343820224719101,0.206896551724138,0.0344827586206897,0.137931034482759
"4431",184,47,0,10,0.317073170731707,0.404255319148936,0.585365853658537,0.989621172807473,0.339066339066339,0.153846153846154,0,0.230769230769231
"4432",162,48,0,3,0.133333333333333,0.1875,0.288888888888889,0.476388888888889,0.306451612903226,0.166666666666667,0,0.333333333333333
"4433",249,70,0,2,0.164179104477612,0.188405797101449,0.194029850746269,0.382435647847718,0.343598055105348,0.181818181818182,0,0
"4434",561,149,0,10,0.260869565217391,0.310810810810811,0.326086956521739,0.63689776733255,0.311050477489768,0.166666666666667,0,0.0277777777777778
"4435",209,52,0,3,0.266666666666667,0.34,0.333333333333333,0.673333333333333,0.291803278688525,0,0,0.0833333333333333
"4436",174,47,0,10,0.256410256410256,0.361702127659574,0.487179487179487,0.848881614839062,0.257142857142857,0.3,0,0.2
"4437",283,86,0,14,0.355263157894737,0.430232558139535,0.5,0.930232558139535,0.315638450502152,0.222222222222222,0.037037037037037,0.037037037037037
"4438",514,135,0,8,0.206896551724138,0.298507462686567,0.293103448275862,0.591610910962429,0.265625,0.208333333333333,0.0416666666666667,0.0416666666666667
"4439",9,3,0,0,0,0,0,0,0.315217391304348,0,0,0
"4440",397,98,0,10,0.277777777777778,0.329896907216495,0.366666666666667,0.696563573883161,0.307692307692308,0.2,0,0.04
"4441",235,68,0,3,0.246153846153846,0.264705882352941,0.338461538461538,0.60316742081448,0.339350180505415,0.25,0.0625,0
"4442",79,22,0,5,0.368421052631579,0.409090909090909,0.421052631578947,0.830143540669857,0.364779874213836,0.142857142857143,0,0
"4443",468,117,0,18,0.317307692307692,0.393162393162393,0.538461538461538,0.931623931623932,0.331908831908832,0.0606060606060606,0.0909090909090909,0.151515151515152
"4444",171,41,0,12,0.333333333333333,0.538461538461538,0.481481481481481,1.01994301994302,0.294117647058824,0.111111111111111,0,0.111111111111111
"4445",235,61,0,13,0.352941176470588,0.426229508196721,0.588235294117647,1.01446480231437,0.3125,0.222222222222222,0.0555555555555556,0.111111111111111
"4446",172,42,0,6,0.205882352941176,0.333333333333333,0.294117647058824,0.627450980392157,0.293729372937294,0.428571428571429,0,0
"4447",18,3,0,0,0,0.666666666666667,0,0.666666666666667,0.356164383561644,0,0,0
"4448",314,78,0,4,0.181818181818182,0.294871794871795,0.272727272727273,0.567599067599068,0.316129032258064,0.25,0,0.0833333333333333
"4449",179,43,0,1,0.175,0.209302325581395,0.225,0.434302325581395,0.287190082644628,0.285714285714286,0,0
"4450",409,104,0,21,0.325842696629214,0.41747572815534,0.50561797752809,0.92309370568343,0.301424050632911,0.172413793103448,0.0344827586206897,0.103448275862069
"4451",394,108,0,8,0.231578947368421,0.299065420560748,0.294736842105263,0.593802262666011,0.301282051282051,0.136363636363636,0,0.0454545454545455
"4452",73,18,0,6,0.285714285714286,0.444444444444444,0.928571428571429,1.37301587301587,0.206896551724138,0,0,0.75
"4453",69,21,0,1,0.2,0.238095238095238,0.25,0.488095238095238,0.258278145695364,0.25,0,0
"4454",58,16,0,5,0.6,0.625,0.933333333333333,1.55833333333333,0.615384615384615,0.222222222222222,0,0.111111111111111
"4455",67,19,0,0,0.315789473684211,0.315789473684211,0.315789473684211,0.631578947368421,0.350961538461538,0,0,0
"4456",189,50,0,4,0.27906976744186,0.3125,0.302325581395349,0.614825581395349,0.347619047619048,0.0833333333333333,0,0
"4457",503,126,0,8,0.254237288135593,0.296,0.313559322033898,0.609559322033898,0.312098991750687,0.133333333333333,0,0.0333333333333333
"4458",115,33,0,5,0.387096774193548,0.424242424242424,0.483870967741935,0.90811339198436,0.3486529318542,0.0833333333333333,0.0833333333333333,0
"4459",30,8,0,3,0.2,0.5,0.8,1.3,0.273858921161826,0,0,1
"4460",139,40,0,6,0.314285714285714,0.4,0.485714285714286,0.885714285714286,0.333333333333333,0.363636363636364,0.0909090909090909,0
"4461",209,55,0,4,0.230769230769231,0.272727272727273,0.346153846153846,0.618881118881119,0.301801801801802,0.333333333333333,0.0833333333333333,0
"4462",271,78,0,19,0.387096774193548,0.473684210526316,0.580645161290323,1.05432937181664,0.338160136286201,0.25,0,0.0833333333333333
"4463",37,6,0,3,0.4,0.5,0.6,1.1,0.473684210526316,0.5,0,0
"4464",53,14,0,1,0.363636363636364,0.285714285714286,0.545454545454545,0.831168831168831,0.316326530612245,0.5,0,0
"4465",211,56,0,8,0.28,0.327272727272727,0.38,0.707272727272727,0.348127600554785,0.142857142857143,0,0.0714285714285714
"4466",349,83,0,10,0.285714285714286,0.337349397590361,0.298701298701299,0.63605069629166,0.331292517006803,0.0454545454545455,0,0
"4467",101,32,0,2,0.173913043478261,0.32258064516129,0.347826086956522,0.670406732117812,0.383886255924171,0.5,0.25,0
"4468",476,139,0,14,0.2421875,0.302158273381295,0.3203125,0.622470773381295,0.323069852941176,0.32258064516129,0,0
"4469",50,17,0,5,0.470588235294118,0.470588235294118,0.764705882352941,1.23529411764706,0.327510917030568,0,0.125,0.125
"4470",299,79,0,9,0.289855072463768,0.371794871794872,0.434782608695652,0.806577480490524,0.322456813819578,0.35,0,0.05
"4471",437,108,1,20,0.306122448979592,0.349056603773585,0.5,0.849056603773585,0.319057815845824,0.133333333333333,0,0.166666666666667
"4472",144,37,0,4,0.233333333333333,0.324324324324324,0.4,0.724324324324324,0.347058823529412,0.285714285714286,0,0.142857142857143
"4473",103,25,0,1,0.16,0.16,0.16,0.32,0.33125,0,0,0
"4474",239,66,0,5,0.25,0.303030303030303,0.333333333333333,0.636363636363636,0.329166666666667,0.133333333333333,0,0.0666666666666667
"4475",424,114,0,19,0.313131313131313,0.375,0.464646464646465,0.839646464646465,0.351906158357771,0.225806451612903,0.032258064516129,0.0645161290322581
"4476",34,7,0,1,0.285714285714286,0.285714285714286,0.714285714285714,1,0.33757225433526,0,0,0.5
"4477",163,46,0,4,0.307692307692308,0.4,0.41025641025641,0.81025641025641,0.284237726098191,0.0833333333333333,0,0.0833333333333333
"4478",464,115,0,11,0.29,0.373913043478261,0.36,0.733913043478261,0.323215289488477,0.241379310344828,0,0
"4479",164,38,0,2,0.235294117647059,0.315789473684211,0.323529411764706,0.639318885448916,0.303754266211604,0,0,0.125
"4480",30,7,0,1,0.428571428571429,0.428571428571429,0.857142857142857,1.28571428571429,0.305587229190422,0,0,0.333333333333333
"4481",195,52,0,1,0.163265306122449,0.211538461538462,0.183673469387755,0.395211930926217,0.294017094017094,0.125,0,0
"4482",156,34,0,2,0.225806451612903,0.264705882352941,0.387096774193548,0.65180265654649,0.2997542997543,0.285714285714286,0,0.142857142857143
"4483",142,36,0,4,0.233333333333333,0.361111111111111,0.366666666666667,0.727777777777778,0.344827586206897,0.142857142857143,0,0.142857142857143
"4484",435,116,0,19,0.273584905660377,0.324561403508772,0.518867924528302,0.843429328037074,0.315441176470588,0.172413793103448,0,0.241379310344828
"4485",281,69,0,10,0.275862068965517,0.36231884057971,0.379310344827586,0.741629185407296,0.304713804713805,0.25,0.0625,0
"4486",118,38,0,6,0.333333333333333,0.394736842105263,0.424242424242424,0.818979266347687,0.346534653465347,0,0,0.0909090909090909
"4487",600,169,0,19,0.25974025974026,0.319526627218935,0.396103896103896,0.715630523322831,0.275816993464052,0.175,0.025,0.1
"4488",473,126,0,8,0.2,0.264,0.28695652173913,0.55095652173913,0.283653846153846,0.0434782608695652,0,0.130434782608696
"4489",44,9,0,2,0.25,0.333333333333333,0.5,0.833333333333333,0.296718972895863,0,0.5,0
"4490",166,44,0,8,0.421052631578947,0.441860465116279,0.5,0.941860465116279,0.313703284258211,0.1875,0,0
"4491",139,33,0,2,0.269230769230769,0.40625,0.423076923076923,0.829326923076923,0.314220183486239,0.142857142857143,0,0.142857142857143
"4492",82,26,0,3,0.166666666666667,0.2,0.166666666666667,0.366666666666667,0.30952380952381,0,0,0
"4493",55,11,0,1,0.272727272727273,0.272727272727273,0.636363636363636,0.909090909090909,0.272727272727273,0.333333333333333,0,0.333333333333333
"4494",206,60,0,6,0.192307692307692,0.283333333333333,0.230769230769231,0.514102564102564,0.278372591006424,0.2,0,0
"4495",184,47,0,5,0.179487179487179,0.282608695652174,0.333333333333333,0.615942028985507,0.284069097888676,0,0,0.285714285714286
"4496",181,40,0,4,0.176470588235294,0.275,0.264705882352941,0.539705882352941,0.29987293519695,0,0,0.166666666666667
"4497",497,132,0,10,0.208,0.227272727272727,0.328,0.555272727272727,0.295361127422196,0.115384615384615,0.115384615384615,0.0769230769230769
"4498",433,114,1,19,0.333333333333333,0.359649122807018,0.466666666666667,0.826315789473684,0.312649164677804,0.285714285714286,0.0571428571428571,0
"4499",156,43,0,3,0.263157894736842,0.30952380952381,0.315789473684211,0.62531328320802,0.327272727272727,0.2,0,0
"4500",64,21,0,3,0.375,0.476190476190476,0.4375,0.913690476190476,0.343470483005367,0.166666666666667,0,0
"4501",493,107,1,8,0.191489361702128,0.280373831775701,0.212765957446809,0.493139789222509,0.290633608815427,0.111111111111111,0,0
"4502",93,25,0,1,0.227272727272727,0.32,0.272727272727273,0.592727272727273,0.324572930354796,0.2,0,0
"4503",91,26,0,3,0.269230769230769,0.269230769230769,0.346153846153846,0.615384615384615,0.307553956834532,0.285714285714286,0,0
"4504",87,25,0,5,0.32,0.32,0.36,0.68,0.319083969465649,0.125,0,0
"4505",365,100,0,7,0.306818181818182,0.36734693877551,0.431818181818182,0.799165120593692,0.323320158102767,0.296296296296296,0,0.037037037037037
"4506",495,128,0,15,0.278260869565217,0.333333333333333,0.373913043478261,0.707246376811594,0.320437670965221,0.15625,0,0.0625
"4507",462,120,0,18,0.295918367346939,0.398305084745763,0.428571428571429,0.826876513317191,0.305204648812532,0.137931034482759,0,0.103448275862069
"4508",170,45,0,0,0.171428571428571,0.355555555555556,0.228571428571429,0.584126984126984,0.308529945553539,0.333333333333333,0,0
"4509",222,59,0,6,0.294117647058824,0.379310344827586,0.352941176470588,0.732251521298174,0.269633507853403,0.0666666666666667,0.0666666666666667,0
"4510",476,129,1,13,0.228813559322034,0.27906976744186,0.322033898305085,0.601103665746945,0.330211927057664,0.0740740740740741,0,0.111111111111111
"4511",430,111,0,8,0.168224299065421,0.189189189189189,0.308411214953271,0.49760040414246,0.304704595185996,0.111111111111111,0.111111111111111,0.166666666666667
"4512",46,11,0,2,0.181818181818182,0.181818181818182,0.454545454545455,0.636363636363636,0.383928571428571,0,0,0.5
"4513",127,34,0,0,0.161290322580645,0.235294117647059,0.225806451612903,0.461100569259962,0.280748663101604,0.4,0,0
"4514",23,6,0,0,0,0.166666666666667,0,0.166666666666667,0.365853658536585,0,0,0
"4515",70,18,0,3,0.333333333333333,0.444444444444444,0.466666666666667,0.911111111111111,0.324175824175824,0.4,0,0
"4516",315,79,0,7,0.315789473684211,0.341772151898734,0.342105263157895,0.683877415056629,0.313120176405733,0,0.0416666666666667,0
"4517",161,38,1,4,0.361111111111111,0.378378378378378,0.388888888888889,0.767267267267267,0.326424870466321,0.0769230769230769,0,0
"4518",27,6,0,0,0.2,0.333333333333333,0.4,0.733333333333333,0.322222222222222,1,0,0
"4519",149,36,0,4,0.25,0.371428571428571,0.392857142857143,0.764285714285714,0.272727272727273,0.142857142857143,0,0.142857142857143
"4520",91,25,0,2,0.375,0.4,0.5,0.9,0.309477756286267,0,0,0.111111111111111
"4521",474,136,0,10,0.244094488188976,0.281481481481481,0.275590551181102,0.557072032662584,0.316349809885932,0.032258064516129,0,0.032258064516129
"4522",206,54,0,9,0.306122448979592,0.351851851851852,0.428571428571429,0.78042328042328,0.316753926701571,0.2,0,0.0666666666666667
"4523",180,47,0,8,0.285714285714286,0.361702127659574,0.5,0.861702127659574,0.3184421534937,0.0833333333333333,0.0833333333333333,0.166666666666667
"4524",138,37,0,4,0.21875,0.27027027027027,0.34375,0.61402027027027,0.268382352941176,0.285714285714286,0.142857142857143,0
"4525",121,31,0,3,0.181818181818182,0.419354838709677,0.227272727272727,0.646627565982405,0.354098360655738,0.25,0,0
"4526",72,18,0,3,0.214285714285714,0.388888888888889,0.285714285714286,0.674603174603175,0.35191637630662,0.333333333333333,0,0
"4527",161,47,0,8,0.297297297297297,0.425531914893617,0.432432432432432,0.857964347326049,0.320224719101124,0.181818181818182,0,0.0909090909090909
"4528",52,12,0,0,0.111111111111111,0.333333333333333,0.111111111111111,0.444444444444444,0.351145038167939,0,0,0
"4529",68,19,0,2,0.3125,0.421052631578947,0.4375,0.858552631578947,0.254098360655738,0.4,0,0
"4530",378,99,0,14,0.318681318681319,0.36734693877551,0.538461538461538,0.905808477237049,0.321070234113712,0.172413793103448,0.103448275862069,0.103448275862069
"4531",54,14,0,7,0.4,0.571428571428571,0.7,1.27142857142857,0.327160493827161,0,0,0.25
"4532",348,101,0,15,0.235294117647059,0.326530612244898,0.411764705882353,0.738295318127251,0.300970873786408,0.3,0.15,0.05
"4533",334,92,0,27,0.38961038961039,0.467391304347826,0.714285714285714,1.18167701863354,0.28719723183391,0.166666666666667,0.0333333333333333,0.2
"4534",150,40,0,3,0.264705882352941,0.358974358974359,0.352941176470588,0.711915535444947,0.326170376055257,0,0,0.111111111111111
"4535",355,94,0,11,0.313253012048193,0.376344086021505,0.44578313253012,0.822127218551626,0.316209476309227,0.307692307692308,0,0.0384615384615385
"4536",408,104,0,6,0.230769230769231,0.310679611650485,0.307692307692308,0.618371919342793,0.309895833333333,0.0476190476190476,0,0.0952380952380952
"4537",219,56,0,3,0.25,0.345454545454545,0.25,0.595454545454545,0.335380835380835,0,0,0
"4538",206,53,0,9,0.266666666666667,0.377358490566038,0.444444444444444,0.821802935010482,0.321928460342146,0.416666666666667,0,0.0833333333333333
"4539",114,35,0,10,0.4375,0.441176470588235,0.6875,1.12867647058824,0.313274336283186,0.142857142857143,0,0.142857142857143
"4540",188,64,0,4,0.203389830508475,0.25,0.288135593220339,0.538135593220339,0.267123287671233,0.25,0.0833333333333333,0
"4541",173,47,0,2,0.186046511627907,0.239130434782609,0.302325581395349,0.541456016177958,0.347931873479319,0.25,0,0.125
"4542",226,64,0,6,0.233333333333333,0.28125,0.3,0.58125,0.327800829875519,0.0714285714285714,0,0.0714285714285714
"4543",151,41,0,3,0.205882352941176,0.256410256410256,0.264705882352941,0.521116138763198,0.324022346368715,0.285714285714286,0,0
"4544",55,16,0,3,0.428571428571429,0.466666666666667,0.642857142857143,1.10952380952381,0.310734463276836,0.5,0,0
"4545",141,36,0,3,0.323529411764706,0.342857142857143,0.352941176470588,0.695798319327731,0.335120643431635,0.0909090909090909,0,0
"4546",60,15,0,1,0.357142857142857,0.4,0.357142857142857,0.757142857142857,0.331797235023041,0,0,0
"4547",461,135,0,12,0.258064516129032,0.308270676691729,0.354838709677419,0.663109386369149,0.325334821428571,0.25,0.0625,0
"4548",283,80,0,13,0.298507462686567,0.3875,0.462686567164179,0.850186567164179,0.325581395348837,0.25,0,0.1
"4549",578,153,0,16,0.293706293706294,0.339869281045752,0.391608391608392,0.731477672654143,0.308720560152769,0.261904761904762,0,0.0238095238095238
"4550",36,11,0,4,0.454545454545455,0.454545454545455,0.545454545454545,1,0.461538461538462,0.2,0,0
"4551",247,73,2,12,0.366666666666667,0.444444444444444,0.55,0.994444444444444,0.316011235955056,0.318181818181818,0.0909090909090909,0
"4552",176,52,0,6,0.313725490196078,0.326923076923077,0.352941176470588,0.679864253393665,0.331738437001595,0.125,0,0
"4553",340,99,0,16,0.294736842105263,0.323232323232323,0.442105263157895,0.765337586390218,0.279187817258883,0.214285714285714,0.0357142857142857,0.0714285714285714
"4554",104,34,0,2,0.290322580645161,0.303030303030303,0.354838709677419,0.657869012707722,0.330188679245283,0.222222222222222,0,0
"4555",157,38,0,5,0.264705882352941,0.342105263157895,0.294117647058824,0.636222910216718,0.32398316970547,0.111111111111111,0,0
"4556",154,36,0,2,0.107142857142857,0.257142857142857,0.25,0.507142857142857,0.350951374207188,0.333333333333333,0,0.333333333333333
"4557",30,7,0,1,0.428571428571429,0.428571428571429,0.571428571428571,1,0.405660377358491,0.333333333333333,0,0
"4558",141,35,0,2,0.171428571428571,0.171428571428571,0.228571428571429,0.4,0.319294809010774,0.333333333333333,0,0
"4559",91,23,0,1,0.142857142857143,0.217391304347826,0.238095238095238,0.455486542443064,0.344036697247706,0.666666666666667,0,0
"4560",72,18,0,2,0.214285714285714,0.388888888888889,0.285714285714286,0.674603174603175,0.295774647887324,0.333333333333333,0,0
"4561",16,4,0,0,0.333333333333333,0.5,0.333333333333333,0.833333333333333,0.347826086956522,0,0,0
"4562",220,54,0,8,0.266666666666667,0.351851851851852,0.355555555555556,0.707407407407407,0.319303338171263,0.0833333333333333,0,0.0833333333333333
"4563",92,22,0,1,0.15,0.227272727272727,0.3,0.527272727272727,0.299180327868852,0,0,0.333333333333333
"4564",289,80,0,10,0.303030303030303,0.40506329113924,0.409090909090909,0.81415420023015,0.343915343915344,0.2,0,0.05
"4565",26,8,0,4,0.5,0.571428571428571,0.5,1.07142857142857,0.362694300518135,0,0,0
"4566",516,138,0,6,0.248062015503876,0.297101449275362,0.317829457364341,0.614930906639703,0.315673289183223,0.125,0.03125,0.03125
"4567",311,77,0,10,0.308823529411765,0.38961038961039,0.441176470588235,0.830786860198625,0.308823529411765,0.142857142857143,0,0.0952380952380952
"4568",509,136,0,8,0.193548387096774,0.24812030075188,0.274193548387097,0.522313849138976,0.312989045383412,0.291666666666667,0,0.0416666666666667
"4569",117,28,0,5,0.238095238095238,0.428571428571429,0.380952380952381,0.80952380952381,0.206896551724138,0,0,0.2
"4570",127,32,0,2,0.225806451612903,0.25,0.419354838709677,0.669354838709677,0.370179948586118,0.428571428571429,0,0.142857142857143
"4571",160,44,0,2,0.289473684210526,0.372093023255814,0.342105263157895,0.714198286413709,0.30635838150289,0.181818181818182,0,0
"4572",185,50,0,8,0.422222222222222,0.46,0.644444444444444,1.10444444444444,0.344800625488663,0.0526315789473684,0,0.157894736842105
"4573",100,31,0,3,0.214285714285714,0.258064516129032,0.25,0.508064516129032,0.312775330396476,0.166666666666667,0,0
"4574",171,40,0,5,0.297297297297297,0.35,0.405405405405405,0.755405405405405,0.363534675615213,0.0909090909090909,0,0.0909090909090909
"4575",258,74,0,6,0.309859154929577,0.337837837837838,0.380281690140845,0.718119527978683,0.344569288389513,0.227272727272727,0,0
"4576",128,36,0,1,0.285714285714286,0.305555555555556,0.342857142857143,0.648412698412698,0.31986531986532,0.2,0,0
"4577",151,41,0,4,0.256410256410256,0.292682926829268,0.358974358974359,0.651657285803627,0.272727272727273,0.1,0,0.1
"4578",350,91,0,18,0.317073170731707,0.377777777777778,0.5,0.877777777777778,0.339160839160839,0.153846153846154,0.0384615384615385,0.115384615384615
"4579",84,29,0,0,0.172413793103448,0.172413793103448,0.172413793103448,0.344827586206897,0.308510638297872,0,0,0
"4580",217,62,0,9,0.303571428571429,0.354838709677419,0.357142857142857,0.711981566820276,0.352226720647773,0,0,0.0588235294117647
"4581",129,34,0,0,0.125,0.176470588235294,0.125,0.301470588235294,0.307692307692308,0,0,0
"4582",61,14,0,5,0.6,0.714285714285714,1.1,1.81428571428571,0.342105263157895,0.333333333333333,0,0.166666666666667
"4583",183,42,0,4,0.303030303030303,0.452380952380952,0.333333333333333,0.785714285714286,0.343173431734317,0.1,0,0
"4584",118,28,0,3,0.227272727272727,0.37037037037037,0.318181818181818,0.688552188552189,0.341836734693878,0.4,0,0
"4585",142,37,0,7,0.32,0.527777777777778,0.4,0.927777777777778,0.244444444444444,0.25,0,0
"4586",208,55,0,11,0.372549019607843,0.4,0.588235294117647,0.988235294117647,0.331349206349206,0.263157894736842,0,0.105263157894737
"4587",40,8,0,4,0.5,0.625,0.833333333333333,1.45833333333333,0.333333333333333,0.666666666666667,0,0
"4588",198,53,0,5,0.2,0.226415094339623,0.26,0.486415094339623,0.347305389221557,0.3,0,0
"4589",252,77,0,7,0.191780821917808,0.213333333333333,0.273972602739726,0.487305936073059,0.31390134529148,0.214285714285714,0,0.0714285714285714
"4590",9,3,0,0,0.333333333333333,0.333333333333333,0.333333333333333,0.666666666666667,0.32,0,0,0
"4591",198,54,0,10,0.3,0.351851851851852,0.52,0.871851851851852,0.343820224719101,0,0.0666666666666667,0.2
"4592",55,14,0,1,0.230769230769231,0.285714285714286,0.615384615384615,0.901098901098901,0.339066339066339,0.666666666666667,0,0.333333333333333
"4593",112,31,0,1,0.225806451612903,0.225806451612903,0.258064516129032,0.483870967741935,0.306451612903226,0.142857142857143,0,0
"4594",174,42,0,3,0.179487179487179,0.238095238095238,0.256410256410256,0.494505494505494,0.343598055105348,0,0,0.142857142857143
"4595",289,78,0,7,0.263888888888889,0.320512820512821,0.291666666666667,0.612179487179487,0.311050477489768,0,0.0526315789473684,0
"4596",117,34,0,2,0.25,0.294117647058824,0.34375,0.637867647058824,0.291803278688525,0,0,0.125
"4597",238,67,0,9,0.295081967213115,0.348484848484849,0.426229508196721,0.77471435668157,0.315638450502152,0.111111111111111,0,0.111111111111111
"4598",14,4,0,0,0,0.25,0,0.25,0,0,0,0
"4599",445,119,0,15,0.252525252525253,0.347826086956522,0.323232323232323,0.671058410188845,0.265625,0.04,0,0.08
"4600",276,69,0,4,0.229508196721311,0.308823529411765,0.311475409836066,0.62029893924783,0.315217391304348,0.142857142857143,0,0.0714285714285714
"4601",258,73,0,9,0.276923076923077,0.333333333333333,0.446153846153846,0.779487179487179,0.307692307692308,0.277777777777778,0,0.111111111111111
"4602",25,7,0,1,0.166666666666667,0.285714285714286,0.666666666666667,0.952380952380952,0.384615384615385,0,0,1
"4603",150,41,0,4,0.256410256410256,0.292682926829268,0.282051282051282,0.57473420888055,0.339350180505415,0.1,0,0
"4604",147,33,0,1,0.137931034482759,0.242424242424242,0.241379310344828,0.48380355276907,0.204545454545455,0,0,0.25
"4605",107,33,0,1,0.161290322580645,0.212121212121212,0.258064516129032,0.470185728250244,0.364779874213836,0,0,0.2
"4606",223,56,0,8,0.254901960784314,0.321428571428571,0.392156862745098,0.713585434173669,0.331908831908832,0.307692307692308,0,0.0769230769230769
"4607",223,57,0,9,0.295454545454545,0.456140350877193,0.386363636363636,0.842503987240829,0.294117647058824,0.0769230769230769,0,0.0769230769230769
"4608",80,17,0,2,0.166666666666667,0.411764705882353,0.416666666666667,0.82843137254902,0.181818181818182,0,0,0.5
"4609",277,73,0,7,0.209677419354839,0.328767123287671,0.274193548387097,0.602960671674768,0.293729372937294,0.307692307692308,0,0
"4610",134,37,0,2,0.161290322580645,0.228571428571429,0.193548387096774,0.422119815668203,0.316129032258064,0.2,0,0
"4611",168,46,0,3,0.225,0.326086956521739,0.375,0.701086956521739,0.287190082644628,0,0,0.222222222222222
"4612",389,101,0,6,0.177083333333333,0.21,0.270833333333333,0.480833333333333,0.301424050632911,0.352941176470588,0,0.0588235294117647
"4613",387,96,0,5,0.209302325581395,0.265957446808511,0.255813953488372,0.521771400296883,0.301282051282051,0.0555555555555556,0,0.0555555555555556
"4614",40,10,0,0,0.2,0.2,0.3,0.5,0.206896551724138,0.5,0,0
"4615",121,38,0,8,0.259259259259259,0.473684210526316,0.259259259259259,0.732943469785575,0.258278145695364,0,0,0
"4616",6,1,0,0,0,0,0,0,0.350961538461538,0,0,0
"4617",221,70,0,10,0.372881355932203,0.455882352941176,0.542372881355932,0.998255234297109,0.347619047619048,0.0909090909090909,0.0454545454545455,0.0909090909090909
"4618",37,10,0,2,0.555555555555556,0.5,0.666666666666667,1.16666666666667,0.358003442340792,0.2,0,0
"4619",368,98,0,8,0.25,0.316326530612245,0.295454545454545,0.61178107606679,0.312098991750687,0.181818181818182,0,0
"4620",71,16,0,0,0.25,0.25,0.25,0.5,0.3486529318542,0,0,0
"4621",35,11,0,2,0.5,0.636363636363636,0.5,1.13636363636364,0.273858921161826,0,0,0
"4622",95,26,0,2,0.25,0.307692307692308,0.375,0.682692307692308,0.333333333333333,0.5,0,0
"4623",146,36,0,1,0.181818181818182,0.228571428571429,0.212121212121212,0.440692640692641,0.338160136286201,0.166666666666667,0,0
"4624",80,22,0,2,0.315789473684211,0.363636363636364,0.315789473684211,0.679425837320574,0.348127600554785,0,0,0
"4625",249,70,0,5,0.241935483870968,0.314285714285714,0.32258064516129,0.636866359447005,0.331292517006803,0.2,0.0666666666666667,0
"4626",105,28,0,5,0.391304347826087,0.407407407407407,0.652173913043478,1.05958132045089,0.367088607594937,0.333333333333333,0,0.111111111111111
"4627",359,95,0,16,0.294117647058824,0.368421052631579,0.458823529411765,0.827244582043344,0.323069852941176,0.12,0.04,0.12
"4628",24,7,0,0,0.285714285714286,0.285714285714286,0.285714285714286,0.571428571428571,0.327510917030568,0,0,0
"4629",33,9,0,0,0,0,0,0,0.268292682926829,0,0,0
"4630",453,110,0,16,0.291666666666667,0.37037037037037,0.416666666666667,0.787037037037037,0.322456813819578,0.214285714285714,0,0.0714285714285714
"4631",378,94,0,10,0.301204819277108,0.372340425531915,0.337349397590361,0.709689823122276,0.319057815845824,0,0,0.04
"4632",106,26,0,1,0.173913043478261,0.269230769230769,0.217391304347826,0.486622073578595,0.347058823529412,0.25,0,0
"4633",55,15,0,2,0.272727272727273,0.466666666666667,0.545454545454545,1.01212121212121,0.311111111111111,0,0,0.333333333333333
"4634",64,20,0,3,0.235294117647059,0.35,0.411764705882353,0.761764705882353,0.33125,0,0,0.25
"4635",137,37,0,1,0.166666666666667,0.305555555555556,0.166666666666667,0.472222222222222,0.329166666666667,0,0,0
"4636",260,62,0,8,0.224137931034483,0.274193548387097,0.431034482758621,0.705228031145717,0.351906158357771,0.230769230769231,0,0.230769230769231
"4637",108,28,0,1,0.269230769230769,0.285714285714286,0.346153846153846,0.631868131868132,0.33757225433526,0.285714285714286,0,0
"4638",81,18,0,3,0.235294117647059,0.277777777777778,0.411764705882353,0.689542483660131,0.321428571428571,0,0,0.25
"4639",114,32,0,4,0.172413793103448,0.25,0.344827586206897,0.594827586206897,0.284237726098191,0.4,0,0.2
"4640",313,79,0,3,0.23943661971831,0.316455696202532,0.338028169014085,0.654483865216616,0.323215289488477,0.235294117647059,0,0.0588235294117647
"4641",216,53,0,4,0.26530612244898,0.307692307692308,0.489795918367347,0.797488226059655,0.303754266211604,0.384615384615385,0,0.153846153846154
"4642",171,44,0,5,0.333333333333333,0.380952380952381,0.538461538461538,0.919413919413919,0.305587229190422,0.153846153846154,0,0.153846153846154
"4643",63,16,0,2,0.214285714285714,0.3125,0.214285714285714,0.526785714285714,0.322429906542056,0,0,0
"4644",270,70,0,0,0.225806451612903,0.289855072463768,0.241935483870968,0.531790556334736,0.294017094017094,0.0714285714285714,0,0
"4645",133,32,0,7,0.296296296296296,0.40625,0.481481481481481,0.887731481481481,0.2997542997543,0.25,0,0.125
"4646",218,52,0,3,0.195652173913043,0.288461538461538,0.304347826086957,0.592809364548495,0.315441176470588,0.222222222222222,0,0.111111111111111
"4647",355,91,0,10,0.240506329113924,0.32967032967033,0.367088607594937,0.696758937265266,0.304713804713805,0.105263157894737,0.0526315789473684,0.105263157894737
"4648",53,12,0,3,0.4,0.5,0.5,1,0.34070796460177,0.25,0,0
"4649",23,5,0,0,0.25,0.4,0.25,0.65,0.333333333333333,0,0,0
"4650",109,31,0,0,0.225806451612903,0.225806451612903,0.225806451612903,0.451612903225806,0.346534653465347,0,0,0
"4651",265,64,0,5,0.263157894736842,0.34375,0.403508771929825,0.747258771929824,0.275816993464052,0.133333333333333,0,0.133333333333333
"4652",357,92,0,6,0.27710843373494,0.347826086956522,0.337349397590361,0.685175484546883,0.283653846153846,0.0869565217391304,0,0.0434782608695652
"4653",11,2,0,0,0,0,0,0,0.261904761904762,0,0,0
"4654",101,25,0,1,0.291666666666667,0.32,0.416666666666667,0.736666666666667,0.296718972895863,0,0,0.142857142857143
"4655",107,33,0,4,0.25,0.272727272727273,0.40625,0.678977272727273,0.313703284258211,0.25,0,0.125
"4656",12,3,0,0,0,0.333333333333333,0,0.333333333333333,0.303317535545024,0,0,0
"4657",62,18,0,3,0.294117647058824,0.333333333333333,0.294117647058824,0.627450980392157,0.314220183486239,0,0,0
"4658",108,32,0,2,0.2,0.193548387096774,0.233333333333333,0.426881720430108,0.30952380952381,0.166666666666667,0,0
"4659",34,11,0,2,0.454545454545455,0.454545454545455,0.818181818181818,1.27272727272727,0.272727272727273,0.2,0,0.2
"4660",153,42,0,4,0.175,0.214285714285714,0.325,0.539285714285714,0.278372591006424,0,0,0.285714285714286
"4661",101,27,0,4,0.458333333333333,0.5,0.541666666666667,1.04166666666667,0.284069097888676,0.181818181818182,0,0
"4662",112,28,0,3,0.227272727272727,0.296296296296296,0.409090909090909,0.705387205387205,0.29987293519695,0.2,0,0.2
"4663",403,108,0,14,0.303921568627451,0.324074074074074,0.42156862745098,0.745642701525054,0.295361127422196,0.193548387096774,0,0.0645161290322581
"4664",374,100,1,6,0.15625,0.19,0.260416666666667,0.450416666666667,0.312649164677804,0.133333333333333,0.0666666666666667,0.133333333333333
"4665",175,41,0,5,0.315789473684211,0.35,0.421052631578947,0.771052631578947,0.327272727272727,0.0833333333333333,0,0.0833333333333333
"4666",57,16,0,1,0.461538461538462,0.533333333333333,0.769230769230769,1.3025641025641,0.343470483005367,0.166666666666667,0,0.166666666666667
"4667",316,69,0,4,0.169230769230769,0.217391304347826,0.246153846153846,0.463545150501672,0.290633608815427,0.181818181818182,0,0.0909090909090909
"4668",70,20,1,3,0.315789473684211,0.35,0.473684210526316,0.823684210526316,0.324572930354796,0.166666666666667,0.166666666666667,0
"4669",105,30,0,8,0.275862068965517,0.3,0.379310344827586,0.679310344827586,0.307553956834532,0,0,0.125
"4670",39,9,0,2,0.444444444444444,0.444444444444444,0.555555555555556,1,0.319083969465649,0.25,0,0
"4671",17,3,0,0,0,0,0,0,0.333965844402277,0,0,0
"4672",427,119,0,9,0.263157894736842,0.294117647058824,0.324561403508772,0.618679050567595,0.323320158102767,0.0333333333333333,0,0.0666666666666667
"4673",295,84,0,3,0.182926829268293,0.19047619047619,0.195121951219512,0.385598141695703,0.320437670965221,0.0666666666666667,0,0
"4674",232,61,0,10,0.283018867924528,0.377049180327869,0.415094339622642,0.79214351995051,0.305204648812532,0.266666666666667,0,0.0666666666666667
"4675",162,40,0,4,0.212121212121212,0.333333333333333,0.303030303030303,0.636363636363636,0.308529945553539,0,0,0.142857142857143
"4676",152,41,0,4,0.2,0.317073170731707,0.314285714285714,0.631358885017422,0.269633507853403,0.142857142857143,0,0.142857142857143
"4677",219,61,0,11,0.280701754385965,0.305084745762712,0.631578947368421,0.936663693131133,0.330211927057664,0.125,0,0.375
"4678",268,85,0,7,0.236842105263158,0.285714285714286,0.381578947368421,0.667293233082707,0.304704595185996,0.166666666666667,0.0555555555555556,0.111111111111111
"4679",132,33,0,5,0.357142857142857,0.363636363636364,0.392857142857143,0.756493506493507,0.280748663101604,0.1,0,0
"4680",10,2,0,0,0,1,0,1,0.365853658536585,0,0,0
"4681",25,4,0,0,0,0.5,0,0.5,0.324175824175824,0,0,0
"4682",22,4,0,0,0,0.25,0,0.25,0.395061728395062,0,0,0
"4683",428,120,2,13,0.281818181818182,0.319327731092437,0.318181818181818,0.637509549274255,0.313120176405733,0.129032258064516,0,0
"4684",121,27,0,1,0.173913043478261,0.296296296296296,0.217391304347826,0.513687600644122,0.326424870466321,0.25,0,0
"4685",31,8,0,0,0.285714285714286,0.375,0.285714285714286,0.660714285714286,0.322222222222222,0,0,0
"4686",65,16,0,2,0.0714285714285714,0.1875,0.0714285714285714,0.258928571428571,0.272727272727273,0,0,0
"4687",87,26,0,4,0.347826086956522,0.423076923076923,0.391304347826087,0.81438127090301,0.309477756286267,0.125,0,0
"4688",386,110,0,8,0.288461538461538,0.302752293577982,0.403846153846154,0.706598447424136,0.316349809885932,0.1,0,0.1
"4689",100,27,0,5,0.25,0.333333333333333,0.416666666666667,0.75,0.316753926701571,0.166666666666667,0,0.166666666666667
"4690",156,40,0,5,0.323529411764706,0.41025641025641,0.5,0.91025641025641,0.3184421534937,0.0909090909090909,0.0909090909090909,0.0909090909090909
"4691",79,16,0,3,0.153846153846154,0.25,0.384615384615385,0.634615384615385,0.268382352941176,0,0,0.5
"4692",68,22,0,3,0.315789473684211,0.409090909090909,0.789473684210526,1.19856459330144,0.313432835820896,0.166666666666667,0.166666666666667,0.333333333333333
"4693",40,9,0,0,0,0.111111111111111,0,0.111111111111111,0.35191637630662,0,0,0
"4694",161,41,0,6,0.264705882352941,0.35,0.382352941176471,0.732352941176471,0.320224719101124,0.222222222222222,0.111111111111111,0
"4695",175,44,0,4,0.243243243243243,0.363636363636364,0.297297297297297,0.660933660933661,0.383458646616541,0.222222222222222,0,0
"4696",114,36,0,5,0.225806451612903,0.314285714285714,0.451612903225806,0.765898617511521,0.351145038167939,0.142857142857143,0,0.285714285714286
"4697",389,99,0,10,0.263736263736264,0.316326530612245,0.340659340659341,0.656985871271586,0.321070234113712,0.166666666666667,0,0.0416666666666667
"4698",479,135,0,11,0.24031007751938,0.274074074074074,0.348837209302326,0.6229112833764,0.300970873786408,0.0967741935483871,0.032258064516129,0.0967741935483871
"4699",187,47,0,6,0.266666666666667,0.297872340425532,0.511111111111111,0.808983451536643,0.28719723183391,0.416666666666667,0,0.166666666666667
"4700",146,40,0,5,0.289473684210526,0.3,0.473684210526316,0.773684210526316,0.326170376055257,0.0909090909090909,0,0.181818181818182
"4701",476,135,0,26,0.325,0.374045801526718,0.5,0.874045801526718,0.316209476309227,0.205128205128205,0.0512820512820513,0.0769230769230769
"4702",448,113,0,13,0.208333333333333,0.321428571428571,0.385416666666667,0.706845238095238,0.309895833333333,0.25,0,0.2
"4703",164,42,0,4,0.25,0.333333333333333,0.444444444444444,0.777777777777778,0.335380835380835,0.111111111111111,0,0.222222222222222
"4704",216,53,0,8,0.27906976744186,0.403846153846154,0.372093023255814,0.775939177101968,0.321928460342146,0.333333333333333,0,0
"4705",39,12,0,2,0.454545454545455,0.454545454545455,0.545454545454545,1,0.313274336283186,0.2,0,0
"4706",106,24,0,2,0.227272727272727,0.291666666666667,0.318181818181818,0.609848484848485,0.267123287671233,0.4,0,0
"4707",64,15,0,0,0.25,0.333333333333333,0.333333333333333,0.666666666666667,0.347931873479319,0.333333333333333,0,0
"4708",21,9,0,2,0.444444444444444,0.444444444444444,0.444444444444444,0.888888888888889,0.327800829875519,0,0,0
"4709",55,18,0,3,0.3125,0.3125,0.3125,0.625,0.324022346368715,0,0,0
"4710",128,34,0,1,0.2,0.264705882352941,0.3,0.564705882352941,0.335120643431635,0,0,0.166666666666667
"4711",64,15,0,1,0.2,0.2,0.2,0.4,0.331797235023041,0,0,0
"4712",379,99,0,4,0.252631578947368,0.272727272727273,0.294736842105263,0.567464114832536,0.325334821428571,0.166666666666667,0,0
"4713",13,4,0,0,0.25,0.25,0.5,0.75,0.30379746835443,1,0,0
"4714",8,2,0,0,0,0.5,0,0.5,0.325581395348837,0,0,0
"4715",202,55,0,2,0.2,0.272727272727273,0.24,0.512727272727273,0.308720560152769,0.2,0,0
"4716",275,72,1,2,0.184615384615385,0.263888888888889,0.261538461538462,0.52542735042735,0.316011235955056,0.166666666666667,0,0.0833333333333333
"4717",33,8,0,2,0.571428571428571,0.625,0.571428571428571,1.19642857142857,0.331738437001595,0,0,0
"4718",34,10,0,3,0.333333333333333,0.4,0.777777777777778,1.17777777777778,0.333333333333333,0.333333333333333,0,0.333333333333333
"4719",348,102,0,8,0.212765957446809,0.264705882352941,0.308510638297872,0.573216520650814,0.279187817258883,0.2,0.05,0.05
"4720",126,36,0,6,0.352941176470588,0.342857142857143,0.411764705882353,0.754621848739496,0.330188679245283,0.166666666666667,0,0
"4721",132,30,0,3,0.16,0.3,0.24,0.54,0.32398316970547,0.5,0,0
"4722",35,9,0,1,0.222222222222222,0.222222222222222,0.333333333333333,0.555555555555556,0.268292682926829,0.5,0,0
"4723",20,5,0,0,0.333333333333333,0.6,0.333333333333333,0.933333333333333,0.347058823529412,0,0,0
"4724",13,6,0,1,0.333333333333333,0.333333333333333,0.5,0.833333333333333,0.33125,0.5,0,0
"4725",14,4,0,0,0.25,0.25,0.25,0.5,0.329166666666667,0,0,0
"4726",29,8,0,1,0.285714285714286,0.375,0.428571428571429,0.803571428571429,0.351906158357771,0.5,0,0
"4727",14,3,0,0,0,0,0,0,0.33757225433526,0,0,0
"4728",11,3,0,0,0,0,0,0,0.321428571428571,0,0,0
"4729",8,3,0,1,0.666666666666667,0.666666666666667,0.666666666666667,1.33333333333333,0.303754266211604,0,0,0
"4730",18,6,0,3,0.666666666666667,0.666666666666667,1,1.66666666666667,0.305587229190422,0,0.25,0
"4731",18,3,0,0,0,0,0,0,0.322429906542056,0,0,0
"4732",19,7,0,1,0.571428571428571,0.571428571428571,0.571428571428571,1.14285714285714,0.294017094017094,0,0,0
"4733",46,12,0,0,0.3,0.363636363636364,0.3,0.663636363636364,0.304713804713805,0,0,0
"4734",3,2,0,0,0,0,0,0,0.296718972895863,0,0,0
"4735",10,3,0,1,0.666666666666667,0.666666666666667,1,1.66666666666667,0.313703284258211,0.5,0,0
"4736",12,3,0,0,0,0,0,0,0.314220183486239,0,0,0
"4737",16,3,0,0,0,0,0,0,0.30952380952381,0,0,0
"4738",18,6,0,0,0.4,0.5,0.6,1.1,0.278372591006424,0.5,0,0
"4739",7,3,0,0,0.666666666666667,0.666666666666667,0.666666666666667,1.33333333333333,0.284069097888676,0,0,0
"4740",18,5,0,2,0.4,0.4,0.4,0.8,0.29987293519695,0,0,0
"4741",14,4,0,0,0.5,0.5,0.5,1,0.312649164677804,0,0,0
"4742",74,18,0,2,0.411764705882353,0.444444444444444,0.470588235294118,0.915032679738562,0.290633608815427,0.142857142857143,0,0
"4743",9,3,0,0,0,0,0,0,0.307553956834532,0,0,0
"4744",15,3,0,0,0.333333333333333,0.333333333333333,0.333333333333333,0.666666666666667,0.333965844402277,0,0,0
"4745",9,3,0,1,0.333333333333333,0.333333333333333,0.333333333333333,0.666666666666667,0.320437670965221,0,0,0
"4746",8,3,0,0,0,0,0,0,0.267123287671233,0,0,0
"4747",21,5,0,0,0.4,0.4,0.4,0.8,0.327800829875519,0,0,0
"4748",17,3,0,0,0,0,0,0,0.324022346368715,0,0,0
"4749",19,3,0,0,0,0,0,0,0.335120643431635,0,0,0
"4750",14,5,0,0,0.4,0.4,0.4,0.8,0.331738437001595,0,0,0
"4751",28,5,0,0,0.25,0.4,0.25,0.65,0.333333333333333,0,0,0
"4752",38,10,0,1,0.4,0.4,0.4,0.8,0.279187817258883,0,0,0
"4753",12,3,0,0,0,0,0,0,0.32398316970547,0,0,0
"4754",168,38,0,9,0.3,0.447368421052632,0.566666666666667,1.0140350877193,0.350951374207188,0.333333333333333,0.111111111111111,0.111111111111111
"4755",104,24,0,6,0.368421052631579,0.5,0.684210526315789,1.18421052631579,0.319294809010774,0.142857142857143,0.142857142857143,0.142857142857143
"4756",50,9,0,2,0.166666666666667,0.444444444444444,0.166666666666667,0.611111111111111,0.263157894736842,0,0,0
"4757",49,12,0,0,0.181818181818182,0.25,0.181818181818182,0.431818181818182,0.356363636363636,0,0,0
"4758",119,33,0,9,0.466666666666667,0.515151515151515,0.733333333333333,1.24848484848485,0.344036697247706,0.357142857142857,0,0.0714285714285714
"4759",83,23,0,5,0.428571428571429,0.478260869565217,0.952380952380952,1.43064182194617,0.295774647887324,0.111111111111111,0.222222222222222,0.222222222222222
"4760",457,116,0,12,0.196078431372549,0.28695652173913,0.343137254901961,0.630093776641091,0.348045397225725,0,0,0.25
"4761",161,39,0,7,0.3125,0.41025641025641,0.625,1.03525641025641,0.319303338171263,0,0.2,0.2
"4762",164,41,0,4,0.212121212121212,0.341463414634146,0.454545454545455,0.796008869179601,0.299180327868852,0.285714285714286,0,0.285714285714286
"4763",214,49,0,4,0.181818181818182,0.26530612244898,0.318181818181818,0.583487940630798,0.343915343915344,0,0,0.25
"4764",51,14,0,3,0.384615384615385,0.384615384615385,0.538461538461538,0.923076923076923,0.362694300518135,0.4,0,0
"4765",512,137,0,11,0.259842519685039,0.301470588235294,0.354330708661417,0.655801296896711,0.315673289183223,0.212121212121212,0.0303030303030303,0.0303030303030303
"4766",340,81,0,7,0.285714285714286,0.3625,0.414285714285714,0.776785714285714,0.308823529411765,0.15,0,0.1
"4767",138,34,0,4,0.259259259259259,0.411764705882353,0.333333333333333,0.745098039215686,0.312989045383412,0.285714285714286,0,0
"4768",126,36,0,4,0.32258064516129,0.342857142857143,0.483870967741935,0.826728110599078,0.370179948586118,0.2,0,0.1
"4769",37,7,0,2,0.333333333333333,0.285714285714286,0.833333333333333,1.11904761904762,0.338947368421053,0,0,0.5
"4770",94,25,0,1,0.217391304347826,0.24,0.260869565217391,0.500869565217391,0.30635838150289,0.2,0,0
"4771",501,128,0,21,0.320754716981132,0.4375,0.471698113207547,0.909198113207547,0.351906158357771,0.235294117647059,0.0294117647058824,0.0588235294117647
"4772",338,93,0,16,0.367816091954023,0.387096774193548,0.574712643678161,0.961809417871709,0.344800625488663,0.21875,0.03125,0.09375
"4773",478,122,1,12,0.28695652173913,0.319672131147541,0.382608695652174,0.702280826799715,0.3125,0.151515151515152,0,0.0606060606060606
"4774",477,112,0,13,0.235294117647059,0.294642857142857,0.343137254901961,0.637780112044818,0.328042328042328,0.333333333333333,0,0.0416666666666667
"4775",164,41,0,7,0.263157894736842,0.3,0.578947368421053,0.878947368421053,0.363534675615213,0.2,0.2,0.2
"4776",94,25,0,4,0.380952380952381,0.44,0.428571428571429,0.868571428571429,0.385964912280702,0.125,0,0
"4777",360,85,0,13,0.265822784810127,0.317647058823529,0.354430379746835,0.672077438570365,0.344569288389513,0.238095238095238,0.0476190476190476,0
"4778",4,1,0,0,0,0,0,0,0,0,0,0
"4779",125,38,2,5,0.342857142857143,0.378378378378378,0.457142857142857,0.835521235521236,0.31986531986532,0.0833333333333333,0,0.0833333333333333
"4780",167,40,0,2,0.15,0.15,0.15,0.3,0.272727272727273,0,0,0
"4781",457,125,0,14,0.207207207207207,0.28,0.288288288288288,0.568288288288288,0.339160839160839,0.304347826086957,0.0434782608695652,0
"4782",162,45,0,3,0.275,0.333333333333333,0.4,0.733333333333333,0.308510638297872,0.181818181818182,0,0.0909090909090909
"4783",61,16,0,5,0.615384615384615,0.6875,0.846153846153846,1.53365384615385,0.352226720647773,0.125,0.125,0
"4784",30,8,0,0,0.142857142857143,0.25,0.285714285714286,0.535714285714286,0.358208955223881,1,0,0
"4785",163,44,0,1,0.108108108108108,0.19047619047619,0.135135135135135,0.325611325611326,0.307692307692308,0.25,0,0
"4786",193,53,0,17,0.390243902439024,0.509433962264151,0.658536585365854,1.16797054763,0.441176470588235,0.25,0.125,0.0625
"4787",123,35,0,7,0.392857142857143,0.514285714285714,0.75,1.26428571428571,0.343173431734317,0.0909090909090909,0,0.272727272727273
"4788",17,5,0,1,0.333333333333333,0.6,0.333333333333333,0.933333333333333,0.5,0,0,0
"4789",29,5,0,1,0.4,0.4,0.6,1,0.268292682926829,0.5,0,0
"4790",443,112,0,15,0.278846153846154,0.330357142857143,0.432692307692308,0.763049450549451,0.31390134529148,0.241379310344828,0,0.103448275862069
"4791",348,100,0,20,0.336842105263158,0.36,0.494736842105263,0.854736842105263,0.316831683168317,0.1875,0,0.09375
"4792",42,14,0,2,0.4,0.461538461538462,0.6,1.06153846153846,0.4,0,0.25,0
"4793",500,126,0,8,0.210084033613445,0.253968253968254,0.235294117647059,0.489262371615313,0.329787234042553,0.12,0,0
"4794",56,14,0,3,0.428571428571429,0.428571428571429,0.714285714285714,1.14285714285714,0.323144104803493,0.166666666666667,0,0.166666666666667
"4795",130,36,0,10,0.529411764705882,0.527777777777778,0.735294117647059,1.26307189542484,0.343820224719101,0.0555555555555556,0,0.111111111111111
"4796",228,57,0,4,0.25,0.303571428571429,0.384615384615385,0.688186813186813,0.306451612903226,0.0769230769230769,0,0.153846153846154
"4797",168,38,0,5,0.28125,0.378378378378378,0.375,0.753378378378378,0.343598055105348,0,0,0.111111111111111
"4798",495,131,0,10,0.271186440677966,0.33587786259542,0.364406779661017,0.700284642256437,0.311050477489768,0.25,0,0.03125
"4799",13,5,0,4,0.666666666666667,0.8,0.666666666666667,1.46666666666667,0.350710900473934,0,0,0
"4800",148,42,0,11,0.351351351351351,0.404761904761905,0.648648648648649,1.05341055341055,0.291803278688525,0.153846153846154,0,0.230769230769231
"4801",363,97,0,13,0.227848101265823,0.371134020618557,0.316455696202532,0.687589716821088,0.315638450502152,0.0555555555555556,0,0.111111111111111
"4802",486,129,0,20,0.267857142857143,0.34375,0.419642857142857,0.763392857142857,0.265625,0.166666666666667,0,0.133333333333333
"4803",72,16,0,1,0.285714285714286,0.375,0.357142857142857,0.732142857142857,0.315217391304348,0.25,0,0
"4804",50,13,0,3,0.5,0.538461538461538,0.833333333333333,1.37179487179487,0.384615384615385,0.166666666666667,0,0.166666666666667
"4805",55,13,0,1,0.125,0.384615384615385,0.125,0.509615384615385,0.166666666666667,0,0,0
"4806",115,29,0,4,0.260869565217391,0.344827586206897,0.391304347826087,0.736131934032983,0.339350180505415,0,0,0.166666666666667
"4807",44,14,0,4,0.363636363636364,0.428571428571429,0.454545454545455,0.883116883116883,0.303317535545024,0.25,0,0
"4808",60,13,0,4,0.5,0.615384615384615,0.9,1.51538461538462,0.337765957446808,0.2,0,0.2
"4809",208,48,0,11,0.171428571428571,0.395833333333333,0.171428571428571,0.567261904761905,0.204545454545455,0,0,0
"4810",149,36,0,1,0.125,0.222222222222222,0.125,0.347222222222222,0.241379310344828,0,0,0
"4811",138,37,0,7,0.34375,0.361111111111111,0.46875,0.829861111111111,0.354166666666667,0.0909090909090909,0,0.0909090909090909
"4812",41,9,0,1,0.222222222222222,0.222222222222222,0.222222222222222,0.444444444444444,0.32,0,0,0
"4813",35,11,0,4,0.4,0.454545454545455,1,1.45454545454545,0.364779874213836,0.25,0.25,0.25
"4814",383,100,0,15,0.279569892473118,0.32,0.344086021505376,0.664086021505376,0.331908831908832,0.115384615384615,0,0.0384615384615385
"4815",25,5,0,0,0.25,0.4,0.5,0.9,0.181818181818182,1,0,0
"4816",190,46,0,2,0.195121951219512,0.282608695652174,0.317073170731707,0.599681866383881,0.356164383561644,0.25,0,0.125
"4817",111,24,0,6,0.333333333333333,0.478260869565217,0.722222222222222,1.20048309178744,0.316129032258064,0.166666666666667,0,0.333333333333333
"4818",21,7,0,1,0.4,0.428571428571429,0.6,1.02857142857143,0.287190082644628,0.5,0,0
"4819",448,121,0,16,0.241071428571429,0.28099173553719,0.357142857142857,0.638134592680047,0.301424050632911,0.148148148148148,0,0.111111111111111
"4820",319,88,0,10,0.268292682926829,0.318181818181818,0.317073170731707,0.635254988913525,0.301282051282051,0.181818181818182,0,0
"4821",160,45,0,1,0.121951219512195,0.2,0.146341463414634,0.346341463414634,0.258278145695364,0.2,0,0
"4822",193,52,0,8,0.382978723404255,0.423076923076923,0.553191489361702,0.976268412438625,0.347619047619048,0.111111111111111,0,0.111111111111111
"4823",487,119,0,15,0.284403669724771,0.322033898305085,0.504587155963303,0.826621054268387,0.312098991750687,0.225806451612903,0.032258064516129,0.161290322580645
"4824",114,26,0,2,0.272727272727273,0.384615384615385,0.318181818181818,0.702797202797203,0.3486529318542,0.166666666666667,0,0
"4825",248,66,0,11,0.311475409836066,0.348484848484849,0.508196721311475,0.856681569796324,0.34125636672326,0.157894736842105,0,0.157894736842105
"4826",84,27,0,3,0.28,0.333333333333333,0.36,0.693333333333333,0.273858921161826,0.285714285714286,0,0
"4827",175,49,0,4,0.238095238095238,0.291666666666667,0.5,0.791666666666667,0.333333333333333,0.2,0,0.3
"4828",59,14,0,2,0.230769230769231,0.285714285714286,0.461538461538462,0.747252747252747,0.386503067484663,1,0,0
"4829",581,140,0,10,0.233870967741935,0.316546762589928,0.354838709677419,0.671385472267347,0.262222222222222,0.310344827586207,0,0.0689655172413793
"4830",197,49,0,9,0.289473684210526,0.408163265306122,0.552631578947368,0.960794844253491,0.301801801801802,0.363636363636364,0,0.181818181818182
"4831",142,38,0,2,0.147058823529412,0.210526315789474,0.235294117647059,0.445820433436532,0.338160136286201,0,0,0.2
"4832",164,39,0,2,0.228571428571429,0.307692307692308,0.371428571428571,0.679120879120879,0.348127600554785,0.25,0,0.125
"4833",152,41,0,1,0.1,0.121951219512195,0.2,0.321951219512195,0.286516853932584,0.25,0,0.25
"4834",338,87,0,15,0.301369863013699,0.402298850574713,0.465753424657534,0.868052275232247,0.331292517006803,0.272727272727273,0,0.0909090909090909
"4835",101,25,0,1,0.173913043478261,0.2,0.217391304347826,0.417391304347826,0.386861313868613,0.25,0,0
"4836",130,33,0,5,0.413793103448276,0.454545454545455,0.793103448275862,1.24764890282132,0.367088607594937,0.166666666666667,0,0.25
"4837",86,22,0,6,0.352941176470588,0.454545454545455,0.705882352941177,1.16042780748663,0.279503105590062,0,0,0.333333333333333
"4838",37,10,0,3,0.111111111111111,0.2,0.111111111111111,0.311111111111111,0.4,0,0,0
"4839",445,115,0,14,0.271028037383178,0.321739130434783,0.401869158878505,0.723608289313287,0.322456813819578,0.0689655172413793,0,0.137931034482759
"4840",74,19,0,5,0.363636363636364,0.578947368421053,0.727272727272727,1.30622009569378,0.347058823529412,0.25,0,0.25
"4841",356,94,0,13,0.30952380952381,0.351063829787234,0.452380952380952,0.803444782168186,0.30561555075594,0.269230769230769,0.0384615384615385,0.0384615384615385
"4842",58,18,0,5,0.588235294117647,0.611111111111111,0.705882352941177,1.31699346405229,0.365358592692828,0.2,0,0
"4843",175,51,0,6,0.311111111111111,0.36,0.488888888888889,0.848888888888889,0.33757225433526,0.142857142857143,0,0.142857142857143
"4844",139,37,1,8,0.357142857142857,0.457142857142857,0.464285714285714,0.921428571428571,0.297297297297297,0.3,0,0
"4845",135,36,0,3,0.264705882352941,0.285714285714286,0.441176470588235,0.726890756302521,0.321428571428571,0.111111111111111,0.111111111111111,0.111111111111111
"4846",157,38,0,8,0.107142857142857,0.342105263157895,0.321428571428571,0.663533834586466,0.284237726098191,0,0,0.666666666666667
"4847",502,117,1,10,0.213592233009709,0.307692307692308,0.349514563106796,0.657206870799104,0.297029702970297,0.0909090909090909,0,0.181818181818182
"4848",356,97,0,11,0.25,0.319587628865979,0.375,0.694587628865979,0.323215289488477,0.136363636363636,0.0454545454545455,0.0909090909090909
"4849",129,31,0,6,0.208333333333333,0.333333333333333,0.5,0.833333333333333,0.303754266211604,0.2,0,0.4
"4850",103,26,0,5,0.375,0.423076923076923,0.625,1.04807692307692,0.272727272727273,0,0,0.222222222222222
"4851",78,20,0,5,0.352941176470588,0.4,0.411764705882353,0.811764705882353,0.305587229190422,0.166666666666667,0,0
"4852",105,27,0,2,0.25,0.296296296296296,0.458333333333333,0.75462962962963,0.322429906542056,0.333333333333333,0,0.166666666666667
"4853",194,46,0,4,0.228571428571429,0.325581395348837,0.371428571428571,0.697009966777409,0.294017094017094,0.25,0,0.125
"4854",216,50,0,3,0.222222222222222,0.42,0.25,0.67,0.2997542997543,0.125,0,0
"4855",91,24,0,4,0.315789473684211,0.458333333333333,0.526315789473684,0.984649122807018,0.344827586206897,0.166666666666667,0,0.166666666666667
"4856",489,123,0,2,0.105263157894737,0.170731707317073,0.131578947368421,0.302310654685494,0.315441176470588,0.25,0,0
"4857",60,15,0,1,0.285714285714286,0.333333333333333,0.5,0.833333333333333,0.304713804713805,0,0,0.25
"4858",326,77,1,13,0.328947368421053,0.337662337662338,0.644736842105263,0.982399179767601,0.346534653465347,0.12,0,0.28
"4859",509,133,0,10,0.246031746031746,0.285714285714286,0.30952380952381,0.595238095238095,0.275816993464052,0.0645161290322581,0,0.0645161290322581
"4860",26,6,0,3,0.75,0.833333333333333,1,1.83333333333333,0.261904761904762,0.333333333333333,0,0
"4861",128,40,0,3,0.243243243243243,0.282051282051282,0.324324324324324,0.606375606375606,0.313703284258211,0,0,0.111111111111111
"4862",80,22,0,7,0.352941176470588,0.476190476190476,0.823529411764706,1.29971988795518,0.314220183486239,0.5,0.166666666666667,0.166666666666667
"4863",136,36,0,3,0.32258064516129,0.416666666666667,0.387096774193548,0.803763440860215,0.30952380952381,0.2,0,0
"4864",505,126,0,11,0.224299065420561,0.311475409836066,0.308411214953271,0.619886624789337,0.318681318681319,0.125,0,0.0833333333333333
"4865",177,46,0,7,0.295454545454545,0.304347826086957,0.454545454545455,0.758893280632411,0.278372591006424,0.307692307692308,0,0.0769230769230769
"4866",9,2,0,2,0,1,0,1,0,0,0,0
"4867",177,45,0,12,0.358974358974359,0.444444444444444,0.692307692307692,1.13675213675214,0.284069097888676,0.285714285714286,0,0.214285714285714
"4868",198,50,0,3,0.2,0.24,0.244444444444444,0.484444444444444,0.29987293519695,0.222222222222222,0,0
"4869",15,3,0,1,0.5,0.666666666666667,1,1.66666666666667,0.358490566037736,1,0,0
"4870",472,134,1,20,0.296296296296296,0.404580152671756,0.361111111111111,0.765691263782867,0.312649164677804,0.21875,0,0
"4871",13,3,0,0,0.5,0.333333333333333,0.5,0.833333333333333,0.384615384615385,0,0,0
"4872",277,69,0,13,0.328125,0.36231884057971,0.59375,0.95606884057971,0.327272727272727,0.142857142857143,0.0476190476190476,0.19047619047619
"4873",265,66,0,9,0.274509803921569,0.424242424242424,0.294117647058824,0.718360071301248,0.343470483005367,0.0714285714285714,0,0
"4874",37,7,0,7,1,1,1.8,2.8,0.466666666666667,0.8,0,0
"4875",67,18,0,6,0.529411764705882,0.555555555555556,0.823529411764706,1.37908496732026,0.273972602739726,0.333333333333333,0.111111111111111,0
"4876",523,132,0,14,0.31404958677686,0.358778625954198,0.504132231404959,0.862910857359157,0.307692307692308,0.289473684210526,0,0.105263157894737
"4877",88,21,0,6,0.210526315789474,0.285714285714286,0.210526315789474,0.496240601503759,0.307553956834532,0,0,0
"4878",184,48,0,6,0.232558139534884,0.3125,0.325581395348837,0.638081395348837,0.333965844402277,0.4,0,0
"4879",371,101,0,21,0.347826086956522,0.387755102040816,0.576086956521739,0.963842058562555,0.323320158102767,0.1875,0,0.15625
"4880",399,101,0,10,0.307692307692308,0.376237623762376,0.406593406593407,0.782831030355783,0.320437670965221,0.142857142857143,0.0357142857142857,0.0357142857142857
"4881",191,52,0,11,0.340425531914894,0.392156862745098,0.48936170212766,0.881518564872758,0.375,0.25,0,0.0625
"4882",494,136,0,24,0.290598290598291,0.382352941176471,0.384615384615385,0.766968325791855,0.329411764705882,0.235294117647059,0,0.0294117647058824
"4883",469,116,0,13,0.247619047619048,0.310344827586207,0.361904761904762,0.672249589490969,0.305204648812532,0.0384615384615385,0.0384615384615385,0.115384615384615
"4884",236,54,0,11,0.2,0.30188679245283,0.4,0.70188679245283,0.308529945553539,0.333333333333333,0,0.222222222222222
"4885",81,21,0,2,0.166666666666667,0.25,0.222222222222222,0.472222222222222,0.269633507853403,0.333333333333333,0,0
"4886",355,97,0,16,0.340659340659341,0.371134020618557,0.505494505494505,0.876628526113062,0.304704595185996,0.290322580645161,0,0.0645161290322581
"4887",209,45,0,0,0.170731707317073,0.244444444444444,0.219512195121951,0.463956639566396,0.243243243243243,0.285714285714286,0,0
"4888",115,34,0,6,0.346153846153846,0.454545454545455,0.384615384615385,0.839160839160839,0.383928571428571,0.111111111111111,0,0
"4889",124,32,0,1,0.133333333333333,0.1875,0.233333333333333,0.420833333333333,0.267123287671233,0.25,0.25,0
"4890",198,49,0,4,0.2,0.297872340425532,0.325,0.622872340425532,0.280748663101604,0.25,0,0.125
"4891",56,15,0,7,0.416666666666667,0.533333333333333,0.75,1.28333333333333,0.365853658536585,0.4,0.2,0
"4892",96,26,0,4,0.304347826086957,0.36,0.347826086956522,0.707826086956522,0.365853658536585,0.142857142857143,0,0
"4893",106,29,0,6,0.409090909090909,0.517241379310345,0.454545454545455,0.971786833855799,0.324175824175824,0.111111111111111,0,0
"4894",80,18,0,1,0.214285714285714,0.388888888888889,0.285714285714286,0.674603174603175,0.395061728395062,0.333333333333333,0,0
"4895",132,35,0,5,0.258064516129032,0.342857142857143,0.451612903225806,0.794470046082949,0.326424870466321,0.375,0,0.125
"4896",65,16,0,4,0.384615384615385,0.5,0.923076923076923,1.42307692307692,0.322222222222222,0.2,0,0.4
"4897",27,6,0,2,0.4,0.5,1,1.5,0.272727272727273,0,0,0.5
"4898",23,7,0,1,0.5,0.666666666666667,0.5,1.16666666666667,0.361266294227188,0,0,0
"4899",92,24,0,5,0.272727272727273,0.291666666666667,0.727272727272727,1.01893939393939,0.309477756286267,0.166666666666667,0,0.5
"4900",360,93,0,8,0.172839506172839,0.279569892473118,0.234567901234568,0.514137793707686,0.316753926701571,0.142857142857143,0,0.0714285714285714
"4901",512,133,0,16,0.25,0.318181818181818,0.375,0.693181818181818,0.28,0.1,0,0.133333333333333
"4902",50,16,0,8,0.727272727272727,0.75,1.18181818181818,1.93181818181818,0.875,0.25,0,0.125
"4903",97,24,0,0,0.210526315789474,0.375,0.315789473684211,0.690789473684211,0.295454545454545,0.5,0,0
"4904",186,47,0,5,0.230769230769231,0.361702127659574,0.435897435897436,0.79759956355701,0.296127562642369,0.222222222222222,0,0.222222222222222
"4905",281,72,0,9,0.253968253968254,0.338028169014085,0.444444444444444,0.782472613458529,0.3184421534937,0.1875,0,0.1875
"4906",84,22,0,1,0.263157894736842,0.318181818181818,0.315789473684211,0.633971291866029,0.268382352941176,0.2,0,0
"4907",186,43,0,3,0.212121212121212,0.395348837209302,0.212121212121212,0.607470049330514,0.33112582781457,0,0,0
"4908",120,31,0,9,0.44,0.483870967741935,0.64,1.12387096774194,0.313432835820896,0.181818181818182,0,0.0909090909090909
"4909",171,39,0,0,0.151515151515152,0.282051282051282,0.151515151515152,0.433566433566434,0.320224719101124,0,0,0
"4910",175,46,0,13,0.371428571428571,0.466666666666667,0.485714285714286,0.952380952380952,0.383458646616541,0.0769230769230769,0,0.0769230769230769
"4911",176,44,0,7,0.30952380952381,0.340909090909091,0.428571428571429,0.769480519480519,0.254098360655738,0.153846153846154,0,0.0769230769230769
"4912",488,119,0,12,0.216981132075472,0.302521008403361,0.358490566037736,0.661011574441097,0.321070234113712,0.391304347826087,0,0.0869565217391304
"4913",223,58,0,8,0.26530612244898,0.362068965517241,0.510204081632653,0.872273047149895,0.300970873786408,0.230769230769231,0,0.230769230769231
"4914",399,109,0,10,0.242424242424242,0.311926605504587,0.414141414141414,0.726068019646001,0.28719723183391,0.25,0.0416666666666667,0.125
"4915",108,28,0,4,0.214285714285714,0.214285714285714,0.392857142857143,0.607142857142857,0.326170376055257,0.333333333333333,0,0.166666666666667
"4916",62,14,0,6,0.8,0.785714285714286,1,1.78571428571429,0.316209476309227,0,0.125,0
"4917",177,47,0,12,0.311111111111111,0.340425531914894,0.755555555555556,1.09598108747045,0.309895833333333,0.357142857142857,0,0.357142857142857
"4918",80,21,0,5,0.263157894736842,0.333333333333333,0.526315789473684,0.859649122807018,0.335380835380835,0.4,0,0.2
"4919",115,28,0,4,0.269230769230769,0.25,0.384615384615385,0.634615384615385,0.313274336283186,0.142857142857143,0.142857142857143,0
"4920",61,13,0,3,0.384615384615385,0.384615384615385,0.692307692307692,1.07692307692308,0.334545454545455,0.2,0,0.2
"4921",113,34,0,5,0.344827586206897,0.411764705882353,0.517241379310345,0.929006085192698,0.267123287671233,0,0.1,0.1
"4922",192,56,0,2,0.2,0.272727272727273,0.22,0.492727272727273,0.327800829875519,0.1,0,0
"4923",353,96,1,16,0.353658536585366,0.436170212765957,0.463414634146341,0.899584846912299,0.324022346368715,0.103448275862069,0,0.0689655172413793
"4924",74,20,0,3,0.388888888888889,0.45,0.722222222222222,1.17222222222222,0.310734463276836,0.142857142857143,0.142857142857143,0.142857142857143
"4925",107,28,0,1,0.178571428571429,0.178571428571429,0.214285714285714,0.392857142857143,0.335120643431635,0.2,0,0
"4926",39,8,0,0,0.125,0.125,0.125,0.25,0.312101910828025,0,0,0
"4927",156,40,1,7,0.333333333333333,0.4,0.527777777777778,0.927777777777778,0.331797235023041,0.0833333333333333,0,0.166666666666667
"4928",408,113,0,14,0.257142857142857,0.297297297297297,0.333333333333333,0.630630630630631,0.325334821428571,0.185185185185185,0,0.037037037037037
"4929",169,49,0,6,0.272727272727273,0.326530612244898,0.522727272727273,0.849257884972171,0.30379746835443,0.416666666666667,0,0.166666666666667
"4930",18,3,0,0,0,0,0,0,0.24,0,0,0
"4931",304,79,0,10,0.294117647058824,0.371794871794872,0.411764705882353,0.783559577677225,0.308720560152769,0.1,0,0.1
"4932",159,39,0,7,0.277777777777778,0.315789473684211,0.527777777777778,0.843567251461988,0.371428571428571,0.3,0,0.2
"4933",408,104,0,20,0.315217391304348,0.378640776699029,0.532608695652174,0.911249472351203,0.316011235955056,0.172413793103448,0,0.172413793103448
"4934",122,30,0,7,0.217391304347826,0.344827586206897,0.608695652173913,0.95352323838081,0.331738437001595,0,0,0.6
"4935",422,113,0,5,0.194444444444444,0.230088495575221,0.25,0.480088495575221,0.279187817258883,0.285714285714286,0,0
"4936",14,3,0,0,0,0.333333333333333,0,0.333333333333333,0.352112676056338,0,0,0
"4937",22,7,0,2,0.333333333333333,0.428571428571429,0.333333333333333,0.761904761904762,0.471698113207547,0,0,0
"4938",100,26,1,6,0.375,0.375,0.791666666666667,1.16666666666667,0.330188679245283,0.111111111111111,0,0.333333333333333
"4939",170,40,0,10,0.363636363636364,0.475,0.606060606060606,1.08106060606061,0.32398316970547,0.166666666666667,0,0.166666666666667
"4940",47,11,0,0,0.111111111111111,0.272727272727273,0.111111111111111,0.383838383838384,0.25,0,0,0
"4941",36,10,0,3,0.428571428571429,0.5,0.857142857142857,1.35714285714286,0.4,0,0,0.333333333333333
"4942",75,19,0,3,0.333333333333333,0.368421052631579,0.5,0.868421052631579,0.350951374207188,0,0,0.166666666666667
"4943",58,15,0,1,0.266666666666667,0.266666666666667,0.333333333333333,0.6,0.319294809010774,0.25,0,0
"4944",24,6,0,1,0.5,0.666666666666667,0.75,1.41666666666667,0.263157894736842,0.5,0,0
"4945",218,63,1,12,0.307692307692308,0.419354838709677,0.538461538461538,0.957816377171216,0.356363636363636,0,0,0.25
"4946",164,44,0,5,0.315789473684211,0.395348837209302,0.421052631578947,0.81640146878825,0.375,0.0833333333333333,0,0.0833333333333333
"4947",6,3,0,0,0,0,0,0,0.295774647887324,0,0,0
"4948",53,14,0,2,0.333333333333333,0.428571428571429,0.666666666666667,1.0952380952381,0.384615384615385,0.25,0,0.25
"4949",116,35,0,5,0.241379310344828,0.352941176470588,0.517241379310345,0.870182555780933,0.381818181818182,0.285714285714286,0,0.285714285714286
"4950",138,30,0,3,0.16,0.3,0.16,0.46,0.347826086956522,0,0,0
"4951",352,85,1,18,0.298701298701299,0.352941176470588,0.506493506493506,0.859434682964095,0.348045397225725,0.173913043478261,0,0.173913043478261
"4952",378,95,0,9,0.217948717948718,0.347368421052632,0.384615384615385,0.731983805668016,0.319303338171263,0.411764705882353,0,0.117647058823529
"4953",184,51,0,11,0.319148936170213,0.372549019607843,0.574468085106383,0.947017104714226,0.299180327868852,0.266666666666667,0.0666666666666667,0.133333333333333
"4954",206,50,0,9,0.302325581395349,0.38,0.372093023255814,0.752093023255814,0.343915343915344,0,0,0.0769230769230769
"4955",21,5,0,2,0.25,0.4,1,1.4,0,0,0,1
"4956",503,141,0,20,0.33587786259542,0.371428571428571,0.427480916030534,0.798909487459106,0.315673289183223,0.0909090909090909,0.0227272727272727,0.0454545454545455
"4957",157,33,0,11,0.333333333333333,0.545454545454545,0.761904761904762,1.30735930735931,0.308823529411765,0.428571428571429,0,0.285714285714286
"4958",479,122,0,27,0.333333333333333,0.408333333333333,0.533333333333333,0.941666666666667,0.312989045383412,0.171428571428571,0,0.142857142857143
"4959",112,31,0,10,0.407407407407407,0.448275862068966,0.666666666666667,1.11494252873563,0.370179948586118,0.363636363636364,0,0.0909090909090909
"4960",36,12,0,3,0.5,0.5,0.5,1,0.338947368421053,0,0,0
"4961",129,32,0,6,0.310344827586207,0.354838709677419,0.448275862068966,0.803114571746385,0.30635838150289,0.222222222222222,0.111111111111111,0
"4962",263,62,0,7,0.351851851851852,0.419354838709677,0.555555555555556,0.974910394265233,0.351906158357771,0.105263157894737,0,0.157894736842105
"4963",128,35,0,9,0.40625,0.428571428571429,0.59375,1.02232142857143,0.344800625488663,0.307692307692308,0.0769230769230769,0
"4964",457,121,0,6,0.211009174311927,0.271186440677966,0.229357798165138,0.500544238843104,0.3125,0.0869565217391304,0,0
"4965",383,106,0,13,0.255555555555556,0.320388349514563,0.355555555555556,0.675943905070119,0.328042328042328,0.217391304347826,0.0869565217391304,0
"4966",23,7,0,1,0.142857142857143,0.142857142857143,0.571428571428571,0.714285714285714,0.363534675615213,0,0,1
"4967",383,91,0,5,0.255813953488372,0.296703296703297,0.383720930232558,0.680424226935855,0.344569288389513,0.227272727272727,0,0.0909090909090909
"4968",92,27,0,1,0.230769230769231,0.259259259259259,0.307692307692308,0.566951566951567,0.31986531986532,0.333333333333333,0,0
"4969",159,41,0,4,0.25,0.268292682926829,0.275,0.543292682926829,0.272727272727273,0.1,0,0
"4970",251,70,0,16,0.328125,0.385714285714286,0.515625,0.901339285714286,0.339160839160839,0.142857142857143,0,0.142857142857143
"4971",119,37,0,6,0.305555555555556,0.324324324324324,0.527777777777778,0.852102102102102,0.308510638297872,0.181818181818182,0,0.181818181818182
"4972",42,10,0,1,0.333333333333333,0.555555555555556,0.5,1.05555555555556,0.358208955223881,0.5,0,0
"4973",186,49,0,4,0.232558139534884,0.306122448979592,0.325581395348837,0.631703844328429,0.307692307692308,0.1,0,0.1
"4974",61,19,0,7,0.4,0.526315789473684,0.866666666666667,1.39298245614035,0.343173431734317,0.166666666666667,0,0.333333333333333
"4975",84,18,0,2,0.235294117647059,0.277777777777778,0.235294117647059,0.513071895424837,0.244444444444444,0,0,0
"4976",480,118,0,15,0.220183486238532,0.279661016949153,0.394495412844037,0.674156429793189,0.31390134529148,0.25,0.0833333333333333,0.125
"4977",191,42,0,3,0.121212121212121,0.30952380952381,0.272727272727273,0.582251082251082,0.313953488372093,0.5,0,0.25
"4978",435,109,0,18,0.291666666666667,0.364485981308411,0.447916666666667,0.812402647975078,0.316831683168317,0.214285714285714,0,0.107142857142857
"4979",67,19,0,2,0.384615384615385,0.578947368421053,0.692307692307692,1.27125506072874,0.4,0.2,0,0.2
"4980",593,156,0,28,0.333333333333333,0.396103896103896,0.543478260869565,0.939582156973461,0.329787234042553,0.239130434782609,0,0.130434782608696
"4981",26,6,0,4,0,0.666666666666667,0,0.666666666666667,0.323144104803493,0,0,0
"4982",145,37,0,3,0.258064516129032,0.342857142857143,0.419354838709677,0.76221198156682,0.26984126984127,0.25,0,0.125
"4983",416,115,0,13,0.30188679245283,0.347826086956522,0.367924528301887,0.715750615258409,0.343820224719101,0.125,0,0.03125
"4984",229,59,0,6,0.188679245283019,0.241379310344828,0.358490566037736,0.599869876382563,0.306451612903226,0.3,0,0.2
"4985",186,49,0,8,0.391304347826087,0.404255319148936,0.608695652173913,1.01295097132285,0.343598055105348,0.0555555555555556,0,0.166666666666667
"4986",387,102,0,14,0.255555555555556,0.343137254901961,0.466666666666667,0.809803921568627,0.311050477489768,0.173913043478261,0,0.217391304347826
"4987",181,53,0,5,0.3,0.339622641509434,0.36,0.699622641509434,0.3,0,0,0.0666666666666667
"4988",123,29,0,16,0.476190476190476,0.586206896551724,0.80952380952381,1.39573070607553,0.315638450502152,0.1,0,0.2
"4989",187,50,0,2,0.212765957446809,0.26,0.212765957446809,0.472765957446808,0.265625,0,0,0
"4990",73,19,0,4,0.333333333333333,0.333333333333333,0.722222222222222,1.05555555555556,0.315217391304348,0.166666666666667,0,0.333333333333333
"4991",71,22,0,6,0.578947368421053,0.590909090909091,0.842105263157895,1.43301435406699,0.452380952380952,0.454545454545455,0,0
"4992",70,21,0,4,0.4,0.428571428571429,0.5,0.928571428571429,0.339350180505415,0.25,0,0
"4993",74,25,0,4,0.272727272727273,0.333333333333333,0.318181818181818,0.651515151515151,0.339593114241002,0.166666666666667,0,0
"4994",238,67,0,4,0.15625,0.194029850746269,0.359375,0.553404850746269,0.303317535545024,0.1,0,0.4
"4995",114,30,0,0,0.0714285714285714,0.133333333333333,0.0714285714285714,0.204761904761905,0.337765957446808,0,0,0
"4996",438,106,0,6,0.227272727272727,0.342857142857143,0.284090909090909,0.626948051948052,0.241379310344828,0.25,0,0
"4997",105,28,0,5,0.375,0.464285714285714,0.666666666666667,1.13095238095238,0.354166666666667,0.111111111111111,0,0.222222222222222
"4998",14,5,0,5,1,1,1.33333333333333,2.33333333333333,0.32,0.333333333333333,0,0
"4999",41,10,0,1,0.333333333333333,0.4,0.555555555555556,0.955555555555556,0.364779874213836,0.666666666666667,0,0
"5000",412,106,0,10,0.229166666666667,0.295238095238095,0.385416666666667,0.680654761904762,0.331908831908832,0.136363636363636,0,0.181818181818182
"5001",42,8,0,4,0.4,0.625,0.6,1.225,0.294117647058824,0.5,0,0
"5002",131,36,0,4,0.193548387096774,0.285714285714286,0.32258064516129,0.608294930875576,0.317073170731707,0.166666666666667,0,0.166666666666667
"5003",23,4,0,0,0,0.5,0,0.5,0.181818181818182,0,0,0
"5004",102,26,0,6,0.470588235294118,0.615384615384615,0.764705882352941,1.38009049773756,0.356164383561644,0.375,0.125,0
"5005",184,49,0,5,0.170731707317073,0.306122448979592,0.317073170731707,0.623195619711299,0.316129032258064,0.428571428571429,0,0.142857142857143
"5006",388,101,0,11,0.272727272727273,0.36,0.352272727272727,0.712272727272727,0.301424050632911,0.166666666666667,0,0.0416666666666667
"5007",461,128,0,21,0.282051282051282,0.34375,0.478632478632479,0.822382478632479,0.301282051282051,0.242424242424242,0,0.151515151515152
"5008",29,7,0,2,0.6,0.714285714285714,0.6,1.31428571428571,0.321428571428571,0,0,0
"5009",197,59,0,8,0.229166666666667,0.350877192982456,0.416666666666667,0.767543859649123,0.258278145695364,0.272727272727273,0,0.181818181818182
"5010",101,31,0,6,0.384615384615385,0.466666666666667,0.538461538461538,1.00512820512821,0.347619047619048,0.2,0.1,0
"5011",369,90,0,11,0.222222222222222,0.359550561797753,0.291666666666667,0.65121722846442,0.312098991750687,0.125,0,0.0625
"5012",174,42,0,3,0.27027027027027,0.333333333333333,0.297297297297297,0.630630630630631,0.3486529318542,0.1,0,0
"5013",303,85,0,2,0.15,0.2,0.175,0.375,0.34125636672326,0.166666666666667,0,0
"5014",197,65,0,7,0.327586206896552,0.353846153846154,0.46551724137931,0.819363395225464,0.273858921161826,0,0.0526315789473684,0.105263157894737
"5015",119,29,0,6,0.307692307692308,0.344827586206897,0.461538461538462,0.806366047745358,0.333333333333333,0.25,0.125,0
"5016",451,125,0,19,0.339130434782609,0.392,0.408695652173913,0.800695652173913,0.386503067484663,0.0512820512820513,0,0.0512820512820513
"5017",414,109,0,8,0.18,0.205607476635514,0.21,0.415607476635514,0.262222222222222,0,0,0.0555555555555556
"5018",31,6,0,2,0.6,0.666666666666667,0.8,1.46666666666667,0.6,0.333333333333333,0,0
"5019",122,33,0,7,0.269230769230769,0.34375,0.384615384615385,0.728365384615385,0.301801801801802,0.428571428571429,0,0
"5020",110,32,0,1,0.206896551724138,0.193548387096774,0.241379310344828,0.434927697441602,0.338160136286201,0.166666666666667,0,0
"5021",198,45,0,7,0.35,0.409090909090909,0.625,1.03409090909091,0.348127600554785,0.571428571428571,0,0.0714285714285714
"5022",180,43,0,6,0.2,0.255813953488372,0.45,0.705813953488372,0.286516853932584,0.125,0,0.375
"5023",441,120,0,17,0.280701754385965,0.308333333333333,0.473684210526316,0.782017543859649,0.331292517006803,0.125,0,0.1875
"5024",137,43,0,3,0.307692307692308,0.341463414634146,0.384615384615385,0.726078799249531,0.386861313868613,0.25,0,0
"5025",2,1,0,0,0,1,0,1,0.326693227091633,0,0,0
"5026",17,4,0,0,0,0,0,0,0.279503105590062,0,0,0
"5027",319,90,0,8,0.272727272727273,0.35632183908046,0.402597402597403,0.758919241677862,0.322456813819578,0.0476190476190476,0,0.142857142857143
"5028",31,7,0,1,0.333333333333333,0.428571428571429,0.833333333333333,1.26190476190476,0.347058823529412,0,0,0.5
"5029",370,95,0,14,0.222222222222222,0.252631578947368,0.477777777777778,0.730409356725146,0.30561555075594,0.1,0,0.35
"5030",107,32,0,2,0.304347826086957,0.483870967741935,0.391304347826087,0.875175315568022,0.33757225433526,0,0.142857142857143,0
"5031",141,38,0,1,0.121212121212121,0.236842105263158,0.151515151515152,0.388357256778309,0.297297297297297,0.25,0,0
"5032",84,25,0,6,0.375,0.4,0.666666666666667,1.06666666666667,0.321428571428571,0.111111111111111,0,0.222222222222222
"5033",54,16,0,3,0.214285714285714,0.3125,0.285714285714286,0.598214285714286,0.284237726098191,0.333333333333333,0,0
"5034",7,1,0,1,1,1,1,2,1,0,0,0
"5035",492,122,0,13,0.292452830188679,0.380165289256198,0.386792452830189,0.766957742086387,0.297029702970297,0.129032258064516,0,0.0645161290322581
"5036",403,98,0,17,0.305882352941176,0.391752577319588,0.470588235294118,0.862340812613705,0.323215289488477,0.423076923076923,0,0.0384615384615385
"5037",113,24,0,8,0.315789473684211,0.458333333333333,0.736842105263158,1.19517543859649,0.303754266211604,0.333333333333333,0,0.333333333333333
"5038",17,5,0,0,0,0.4,0,0.4,0.272727272727273,0,0,0
"5039",18,3,0,0,0,0.333333333333333,0,0.333333333333333,0.316326530612245,0,0,0
"5040",116,28,0,6,0.272727272727273,0.392857142857143,0.5,0.892857142857143,0.305587229190422,0,0.166666666666667,0.166666666666667
"5041",146,35,0,8,0.214285714285714,0.371428571428571,0.25,0.621428571428571,0.322429906542056,0.166666666666667,0,0
"5042",160,47,0,9,0.369565217391304,0.382978723404255,0.41304347826087,0.796022201665125,0.294017094017094,0.117647058823529,0,0
"5043",186,56,1,7,0.212765957446809,0.314814814814815,0.468085106382979,0.782899921197794,0.2997542997543,0.4,0.1,0.2
"5044",223,58,0,18,0.3125,0.421052631578947,0.479166666666667,0.900219298245614,0.344827586206897,0.133333333333333,0,0.133333333333333
"5045",361,96,0,9,0.230769230769231,0.252631578947368,0.351648351648352,0.60427993059572,0.315441176470588,0.238095238095238,0,0.0952380952380952
"5046",236,63,0,11,0.333333333333333,0.412698412698413,0.592592592592593,1.00529100529101,0.304713804713805,0.277777777777778,0,0.166666666666667
"5047",137,35,0,4,0.214285714285714,0.371428571428571,0.321428571428571,0.692857142857143,0.25,0,0,0.166666666666667
"5048",83,24,0,7,0.315789473684211,0.375,0.473684210526316,0.848684210526316,0.346534653465347,0,0,0.166666666666667
"5049",506,128,0,8,0.201754385964912,0.277777777777778,0.315789473684211,0.593567251461988,0.275816993464052,0.0434782608695652,0,0.173913043478261
"5050",63,19,0,2,0.0625,0.166666666666667,0.25,0.416666666666667,0.261904761904762,0,0,1
"5051",40,10,0,2,0.444444444444444,0.5,0.888888888888889,1.38888888888889,0.454545454545455,0.25,0,0.25
"5052",47,11,0,3,0.454545454545455,0.454545454545455,0.727272727272727,1.18181818181818,0.296718972895863,0,0,0.2
"5053",155,44,0,2,0.135135135135135,0.232558139534884,0.243243243243243,0.475801382778127,0.313703284258211,0.2,0,0.2
"5054",126,29,0,5,0.208333333333333,0.310344827586207,0.208333333333333,0.51867816091954,0.314220183486239,0,0,0
"5055",64,16,0,2,0.357142857142857,0.4375,0.571428571428571,1.00892857142857,0.30952380952381,0,0,0.2
"5056",391,92,0,11,0.27906976744186,0.304347826086957,0.348837209302326,0.653185035389282,0.318681318681319,0.125,0,0.0416666666666667
"5057",136,31,0,7,0.260869565217391,0.451612903225806,0.434782608695652,0.886395511921459,0.3125,0.166666666666667,0,0.166666666666667
"5058",179,45,0,3,0.25,0.266666666666667,0.340909090909091,0.607575757575758,0.363534675615213,0.0909090909090909,0,0.0909090909090909
"5059",98,29,0,3,0.28,0.321428571428571,0.28,0.601428571428571,0.278372591006424,0,0,0
"5060",8,3,0,0,0,0.333333333333333,0,0.333333333333333,0.284069097888676,0,0,0
"5061",143,32,0,4,0.214285714285714,0.3125,0.25,0.5625,0.29987293519695,0.166666666666667,0,0
"5062",242,59,0,5,0.2,0.254237288135593,0.290909090909091,0.545146379044684,0.311688311688312,0.181818181818182,0,0.0909090909090909
"5063",30,9,0,3,0.428571428571429,0.555555555555556,0.714285714285714,1.26984126984127,0.297872340425532,0.666666666666667,0,0
"5064",172,42,0,4,0.307692307692308,0.341463414634146,0.307692307692308,0.649155722326454,0.358490566037736,0,0,0
"5065",411,105,0,19,0.354838709677419,0.413461538461538,0.505376344086022,0.91883788254756,0.312649164677804,0.242424242424242,0,0.0606060606060606
"5066",69,20,0,5,0.421052631578947,0.45,0.578947368421053,1.02894736842105,0.384615384615385,0.375,0,0
"5067",270,71,0,5,0.241935483870968,0.314285714285714,0.370967741935484,0.685253456221198,0.327272727272727,0.333333333333333,0,0.0666666666666667
"5068",138,37,0,4,0.137931034482759,0.257142857142857,0.172413793103448,0.429556650246305,0.343470483005367,0.25,0,0
"5069",63,18,0,3,0.352941176470588,0.388888888888889,0.529411764705882,0.918300653594771,0.466666666666667,0.5,0,0
"5070",521,135,0,13,0.234375,0.274074074074074,0.375,0.649074074074074,0.307692307692308,0.233333333333333,0.0333333333333333,0.1
"5071",49,14,0,5,0.3,0.428571428571429,0.7,1.12857142857143,0.222222222222222,0.333333333333333,0,0.333333333333333
"5072",40,12,0,2,0.454545454545455,0.5,0.545454545454545,1.04545454545455,0.307553956834532,0.2,0,0
"5073",100,24,0,3,0.4,0.5,0.5,1,0.333965844402277,0.25,0,0
"5074",96,24,0,4,0.375,0.375,0.708333333333333,1.08333333333333,0.323320158102767,0.222222222222222,0,0.222222222222222
"5075",141,35,0,5,0.333333333333333,0.457142857142857,0.481481481481481,0.938624338624339,0.332167832167832,0.222222222222222,0.111111111111111,0
"5076",500,132,0,22,0.330578512396694,0.371212121212121,0.537190082644628,0.908402203856749,0.320437670965221,0.225,0.05,0.1
"5077",481,125,1,11,0.284403669724771,0.368,0.339449541284404,0.707449541284404,0.329411764705882,0.129032258064516,0.032258064516129,0
"5078",99,31,0,4,0.357142857142857,0.379310344827586,0.464285714285714,0.8435960591133,0.319294809010774,0,0,0.1
"5079",467,118,0,22,0.287128712871287,0.389830508474576,0.396039603960396,0.785870112434972,0.305204648812532,0.103448275862069,0.0344827586206897,0.0689655172413793
"5080",201,43,0,6,0.289473684210526,0.357142857142857,0.552631578947368,0.909774436090226,0.308529945553539,0.0909090909090909,0,0.272727272727273
"5081",101,23,0,6,0.421052631578947,0.5,1.21052631578947,1.71052631578947,0.269633507853403,0,0,0.625
"5082",472,120,0,5,0.155963302752294,0.220338983050847,0.238532110091743,0.458871093142591,0.304704595185996,0.176470588235294,0,0.117647058823529
"5083",163,42,0,1,0.176470588235294,0.317073170731707,0.235294117647059,0.552367288378766,0.243243243243243,0.333333333333333,0,0
"5084",155,41,0,4,0.358974358974359,0.390243902439024,0.435897435897436,0.82614133833646,0.383928571428571,0.214285714285714,0,0
"5085",414,101,1,9,0.209876543209877,0.346534653465347,0.320987654320988,0.667522307786334,0.267123287671233,0.0588235294117647,0.0588235294117647,0.117647058823529
"5086",170,48,0,3,0.222222222222222,0.25531914893617,0.288888888888889,0.544208037825059,0.280748663101604,0.3,0,0
"5087",93,28,0,2,0.272727272727273,0.407407407407407,0.409090909090909,0.816498316498317,0.365853658536585,0,0,0.166666666666667
"5088",77,21,0,2,0.333333333333333,0.523809523809524,0.6,1.12380952380952,0.365853658536585,0.2,0,0.2
"5089",85,23,0,2,0.19047619047619,0.260869565217391,0.380952380952381,0.641821946169772,0.324175824175824,0.25,0,0.25
"5090",156,40,0,8,0.342857142857143,0.425,0.628571428571429,1.05357142857143,0.395061728395062,0.333333333333333,0,0.166666666666667
"5091",126,31,0,8,0.423076923076923,0.5,0.538461538461538,1.03846153846154,0.326424870466321,0,0,0.0909090909090909
"5092",131,30,0,3,0.291666666666667,0.433333333333333,0.541666666666667,0.975,0.322222222222222,0,0,0.285714285714286
"5093",111,26,0,2,0.25,0.28,0.416666666666667,0.696666666666667,0.309477756286267,0.166666666666667,0,0.166666666666667
"5094",371,96,0,20,0.298701298701299,0.40625,0.519480519480519,0.925730519480519,0.316753926701571,0.347826086956522,0,0.130434782608696
"5095",421,105,0,13,0.298969072164948,0.346153846153846,0.474226804123711,0.820380650277557,0.28,0.103448275862069,0.0344827586206897,0.137931034482759
"5096",265,68,0,8,0.310344827586207,0.397058823529412,0.5,0.897058823529412,0.295454545454545,0.111111111111111,0,0.166666666666667
"5097",102,25,0,5,0.333333333333333,0.52,0.611111111111111,1.13111111111111,0.357142857142857,0.333333333333333,0,0.166666666666667
"5098",151,40,0,6,0.25,0.307692307692308,0.611111111111111,0.918803418803419,0.296127562642369,0.111111111111111,0,0.444444444444444
"5099",366,93,0,10,0.265060240963855,0.333333333333333,0.385542168674699,0.718875502008032,0.3184421534937,0.227272727272727,0.0454545454545455,0.0454545454545455
"5100",104,29,0,4,0.318181818181818,0.428571428571429,0.636363636363636,1.06493506493506,0.268382352941176,0.142857142857143,0,0.285714285714286
"5101",75,17,0,1,0.25,0.294117647058824,0.375,0.669117647058824,0.33112582781457,0.5,0,0
"5102",63,17,0,0,0.0588235294117647,0.0588235294117647,0.117647058823529,0.176470588235294,0.313432835820896,1,0,0
"5103",178,44,0,5,0.166666666666667,0.27906976744186,0.222222222222222,0.501291989664083,0.320224719101124,0.333333333333333,0,0
"5104",192,44,0,2,0.236842105263158,0.318181818181818,0.263157894736842,0.58133971291866,0.383458646616541,0.111111111111111,0,0
"5105",199,54,0,7,0.229166666666667,0.314814814814815,0.375,0.689814814814815,0.254098360655738,0.0909090909090909,0,0.181818181818182
"5106",289,71,0,7,0.241935483870968,0.338028169014085,0.419354838709677,0.757383007723762,0.321070234113712,0.133333333333333,0,0.2
"5107",467,124,0,9,0.258928571428571,0.330645161290323,0.392857142857143,0.723502304147465,0.28719723183391,0.206896551724138,0,0.103448275862069
"5108",137,42,0,4,0.205128205128205,0.238095238095238,0.205128205128205,0.443223443223443,0.326170376055257,0,0,0
"5109",120,32,0,2,0.192307692307692,0.32258064516129,0.307692307692308,0.630272952853598,0.326086956521739,0.2,0.2,0
"5110",476,117,0,15,0.273584905660377,0.316239316239316,0.39622641509434,0.712465731333656,0.309895833333333,0.241379310344828,0,0.0689655172413793
"5111",93,20,0,5,0.388888888888889,0.421052631578947,0.444444444444444,0.865497076023392,0.313274336283186,0.142857142857143,0,0
"5112",92,21,0,0,0.2,0.238095238095238,0.2,0.438095238095238,0.317073170731707,0,0,0
"5113",134,38,0,1,0.166666666666667,0.189189189189189,0.194444444444444,0.383633633633634,0.267123287671233,0.166666666666667,0,0
"5114",184,49,0,6,0.260869565217391,0.270833333333333,0.369565217391304,0.640398550724638,0.327800829875519,0.25,0.0833333333333333,0
"5115",466,130,0,11,0.260162601626016,0.3,0.268292682926829,0.568292682926829,0.324022346368715,0.03125,0,0
"5116",131,38,0,1,0.205882352941176,0.289473684210526,0.323529411764706,0.613003095975232,0.335120643431635,0.142857142857143,0,0.142857142857143
"5117",161,40,0,5,0.242424242424242,0.282051282051282,0.393939393939394,0.675990675990676,0.312101910828025,0.25,0,0.125
"5118",131,31,0,3,0.172413793103448,0.225806451612903,0.275862068965517,0.50166852057842,0.331797235023041,0,0,0.2
"5119",459,129,0,13,0.25,0.296875,0.408333333333333,0.705208333333333,0.325334821428571,0.133333333333333,0,0.166666666666667
"5120",103,28,0,3,0.304347826086957,0.37037037037037,0.695652173913043,1.06602254428341,0.30379746835443,0,0,0.428571428571429
"5121",65,16,0,2,0.230769230769231,0.375,0.307692307692308,0.682692307692308,0.371428571428571,0.333333333333333,0,0
"5122",446,119,1,7,0.261682242990654,0.313559322033898,0.299065420560748,0.612624742594646,0.316011235955056,0.142857142857143,0,0
"5123",46,12,0,5,0.5,0.5,0.583333333333333,1.08333333333333,0.331738437001595,0.166666666666667,0,0
"5124",19,6,0,0,0,0,0,0,0.333333333333333,0,0,0
"5125",466,129,0,11,0.188524590163934,0.232558139534884,0.295081967213115,0.527640106747998,0.279187817258883,0.217391304347826,0.0434782608695652,0.0869565217391304
"5126",336,85,1,15,0.315068493150685,0.411764705882353,0.534246575342466,0.946011281224819,0.352112676056338,0.173913043478261,0,0.173913043478261
"5127",89,28,0,5,0.461538461538462,0.464285714285714,0.615384615384615,1.07967032967033,0.471698113207547,0.166666666666667,0.0833333333333333,0
"5128",84,24,0,2,0.217391304347826,0.25,0.434782608695652,0.684782608695652,0.32398316970547,0.4,0,0.2
"5129",166,38,0,2,0.151515151515152,0.243243243243243,0.181818181818182,0.425061425061425,0.25,0.2,0,0
"5130",63,15,0,0,0.142857142857143,0.2,0.142857142857143,0.342857142857143,0.263157894736842,0,0,0
"5131",84,25,0,2,0.35,0.458333333333333,0.45,0.908333333333333,0.375,0.285714285714286,0,0
"5132",141,36,0,5,0.242424242424242,0.285714285714286,0.363636363636364,0.649350649350649,0.295774647887324,0.125,0,0.125
"5133",126,34,0,2,0.166666666666667,0.393939393939394,0.166666666666667,0.560606060606061,0.381818181818182,0,0,0
"5134",131,31,0,7,0.346153846153846,0.451612903225806,0.807692307692308,1.25930521091811,0.347826086956522,0.333333333333333,0,0.333333333333333
"5135",293,72,0,5,0.274193548387097,0.366197183098592,0.354838709677419,0.721035892776011,0.348045397225725,0.117647058823529,0,0.0588235294117647
"5136",299,73,0,5,0.206349206349206,0.305555555555556,0.333333333333333,0.638888888888889,0.319303338171263,0.153846153846154,0,0.153846153846154
"5137",112,33,0,6,0.357142857142857,0.424242424242424,0.5,0.924242424242424,0.299180327868852,0.1,0,0.1
"5138",29,9,0,4,0.833333333333333,0.875,1.33333333333333,2.20833333333333,0.343915343915344,0,0,0.2
"5139",162,38,0,5,0.354838709677419,0.459459459459459,0.709677419354839,1.1691368788143,0.341463414634146,0.181818181818182,0,0.272727272727273
"5140",408,110,0,23,0.317307692307692,0.345454545454545,0.519230769230769,0.864685314685315,0.315673289183223,0.212121212121212,0.0303030303030303,0.121212121212121
"5141",91,26,0,5,0.375,0.423076923076923,0.5,0.923076923076923,0.312989045383412,0,0,0.111111111111111
"5142",50,15,0,3,0.25,0.333333333333333,0.333333333333333,0.666666666666667,0.30635838150289,0.333333333333333,0,0
"5143",384,96,0,5,0.188235294117647,0.273684210526316,0.235294117647059,0.508978328173375,0.351906158357771,0.0625,0,0.0625
"5144",62,18,0,3,0.5,0.555555555555556,0.75,1.30555555555556,0.344800625488663,0.125,0,0.125
"5145",302,88,0,6,0.255813953488372,0.272727272727273,0.325581395348837,0.59830866807611,0.3125,0.136363636363636,0,0.0454545454545455
"5146",307,73,0,8,0.265625,0.342465753424658,0.359375,0.701840753424658,0.328042328042328,0.0588235294117647,0.0588235294117647,0.0588235294117647
"5147",113,31,0,2,0.233333333333333,0.258064516129032,0.4,0.658064516129032,0.272727272727273,0.285714285714286,0,0.142857142857143
"5148",276,63,1,11,0.288461538461538,0.360655737704918,0.403846153846154,0.764501891551072,0.344569288389513,0,0,0.133333333333333
"5149",174,52,0,4,0.285714285714286,0.313725490196078,0.408163265306122,0.721888755502201,0.31986531986532,0.214285714285714,0,0.0714285714285714
"5150",72,23,0,2,0.217391304347826,0.217391304347826,0.347826086956522,0.565217391304348,0.272727272727273,0,0,0.2
"5151",358,94,0,13,0.30952380952381,0.365591397849462,0.452380952380952,0.817972350230415,0.339160839160839,0.115384615384615,0,0.115384615384615
"5152",85,21,0,2,0.25,0.428571428571429,0.5,0.928571428571429,0.397260273972603,0.5,0.25,0
"5153",24,6,0,3,0.6,0.666666666666667,1.6,2.26666666666667,0.308510638297872,0,0.333333333333333,0.333333333333333
"5154",104,24,0,3,0.210526315789474,0.347826086956522,0.368421052631579,0.716247139588101,0.307692307692308,0,0,0.25
"5155",60,12,0,0,0.2,0.333333333333333,0.2,0.533333333333333,0.2,0,0,0
"5156",102,27,0,3,0.388888888888889,0.576923076923077,0.555555555555556,1.13247863247863,0.268292682926829,0,0,0.142857142857143
"5157",176,42,0,6,0.285714285714286,0.341463414634146,0.4,0.741463414634146,0.244444444444444,0.1,0,0.1
"5158",252,70,0,20,0.45,0.477611940298507,0.85,1.32761194029851,0.31390134529148,0.259259259259259,0.037037037037037,0.185185185185185
"5159",170,39,0,3,0.178571428571429,0.41025641025641,0.214285714285714,0.624542124542125,0.313953488372093,0.2,0,0
"5160",178,49,0,5,0.227272727272727,0.306122448979592,0.295454545454545,0.601576994434137,0.316831683168317,0.3,0,0
"5161",442,111,0,13,0.298076923076923,0.333333333333333,0.442307692307692,0.775641025641026,0.329787234042553,0.129032258064516,0.032258064516129,0.0967741935483871
"5162",88,28,0,3,0.181818181818182,0.333333333333333,0.227272727272727,0.560606060606061,0.26984126984127,0.25,0,0
"5163",186,51,0,9,0.363636363636364,0.450980392156863,0.454545454545455,0.905525846702317,0.343820224719101,0.0625,0,0.0625
"5164",99,28,0,3,0.230769230769231,0.285714285714286,0.269230769230769,0.554945054945055,0.306451612903226,0.166666666666667,0,0
"5165",135,29,0,2,0.214285714285714,0.241379310344828,0.214285714285714,0.455665024630542,0.343598055105348,0,0,0
"5166",190,51,1,3,0.209302325581395,0.313725490196078,0.325581395348837,0.639306885544916,0.311050477489768,0.222222222222222,0,0.111111111111111
"5167",27,6,0,4,1,1,1.25,2.25,1,0.25,0,0
"5168",220,56,0,10,0.3,0.375,0.48,0.855,0.3,0.2,0,0.133333333333333
"5169",23,6,0,0,0.2,0.333333333333333,0.2,0.533333333333333,0.315638450502152,0,0,0
"5170",305,76,0,7,0.242857142857143,0.289473684210526,0.357142857142857,0.646616541353384,0.265625,0.176470588235294,0.0588235294117647,0.0588235294117647
"5171",50,12,0,2,0.2,0.333333333333333,0.5,0.833333333333333,0.315217391304348,0,0,0.5
"5172",55,15,0,4,0.545454545454545,0.6,0.636363636363636,1.23636363636364,0.36222005842259,0.166666666666667,0,0
"5173",103,23,0,3,0.238095238095238,0.304347826086957,0.285714285714286,0.590062111801242,0.339350180505415,0.2,0,0
"5174",106,28,0,0,0.148148148148148,0.178571428571429,0.185185185185185,0.363756613756614,0.339593114241002,0.25,0,0
"5175",125,33,0,5,0.222222222222222,0.333333333333333,0.333333333333333,0.666666666666667,0.303317535545024,0,0,0.166666666666667
"5176",58,22,0,5,0.25,0.428571428571429,0.5,0.928571428571429,0.337765957446808,0.25,0,0.25
"5177",108,29,0,3,0.166666666666667,0.310344827586207,0.166666666666667,0.477011494252874,0.241379310344828,0,0,0
"5178",1,1,0,0,0,0,0,0,0.354166666666667,0,0,0
"5179",274,71,0,8,0.257575757575758,0.309859154929577,0.378787878787879,0.688647033717456,0.331908831908832,0.294117647058824,0,0.0588235294117647
"5180",11,2,0,0,1,1,1,2,0.294117647058824,0,0,0
"5181",66,19,0,1,0.166666666666667,0.210526315789474,0.333333333333333,0.543859649122807,0.317073170731707,0.333333333333333,0.333333333333333,0
"5182",106,31,0,7,0.444444444444444,0.5,0.592592592592593,1.09259259259259,0.356164383561644,0.0833333333333333,0,0.0833333333333333
"5183",110,35,0,5,0.34375,0.371428571428571,0.71875,1.09017857142857,0.316129032258064,0.272727272727273,0,0.272727272727273
"5184",62,18,0,6,0.4375,0.5,0.5625,1.0625,0.287190082644628,0.285714285714286,0,0
"5185",280,82,0,13,0.337662337662338,0.365853658536585,0.506493506493506,0.872347165030092,0.301424050632911,0.0769230769230769,0.0384615384615385,0.115384615384615
"5186",396,107,0,8,0.303030303030303,0.339622641509434,0.404040404040404,0.743663045549838,0.301282051282051,0.133333333333333,0,0.0666666666666667
"5187",130,34,0,3,0.28125,0.323529411764706,0.28125,0.604779411764706,0.258278145695364,0,0,0
"5188",31,8,0,1,0.5,0.625,0.5,1.125,0.347619047619048,0,0,0
"5189",301,77,0,13,0.352941176470588,0.402597402597403,0.514705882352941,0.917303284950344,0.312098991750687,0.208333333333333,0,0.0833333333333333
"5190",127,31,0,4,0.285714285714286,0.333333333333333,0.321428571428571,0.654761904761905,0.3486529318542,0.125,0,0
"5191",203,54,0,12,0.313725490196078,0.351851851851852,0.509803921568627,0.861655773420479,0.34125636672326,0.25,0,0.125
"5192",32,8,0,3,0.571428571428571,0.5,1.14285714285714,1.64285714285714,0.322033898305085,0.25,0,0.25
"5193",66,19,0,2,0.235294117647059,0.263157894736842,0.588235294117647,0.851393188854489,0.273858921161826,0,0,0.5
"5194",82,27,0,9,0.423076923076923,0.407407407407407,0.807692307692308,1.21509971509972,0.333333333333333,0.363636363636364,0,0.181818181818182
"5195",269,76,0,16,0.366197183098592,0.4,0.577464788732394,0.977464788732394,0.386503067484663,0.153846153846154,0.0384615384615385,0.115384615384615
"5196",32,8,0,1,0.25,0.25,0.375,0.625,0.285714285714286,0.5,0,0
"5197",409,96,0,6,0.184782608695652,0.21875,0.271739130434783,0.490489130434783,0.262222222222222,0.117647058823529,0,0.117647058823529
"5198",86,27,0,7,0.4,0.5,0.7,1.2,0.301801801801802,0,0,0.25
"5199",120,26,0,3,0.291666666666667,0.346153846153846,0.458333333333333,0.80448717948718,0.338160136286201,0.142857142857143,0,0.142857142857143
"5200",48,11,0,4,0.5,0.6,1,1.6,0.473684210526316,0.25,0,0.25
"5201",72,17,0,2,0.294117647058824,0.294117647058824,0.647058823529412,0.941176470588235,0.348127600554785,0,0,0.4
"5202",120,28,0,2,0.173913043478261,0.296296296296296,0.173913043478261,0.470209339774557,0.286516853932584,0,0,0
"5203",283,69,0,7,0.254237288135593,0.347826086956522,0.389830508474576,0.737656595431098,0.331292517006803,0.133333333333333,0,0.133333333333333
"5204",86,29,0,4,0.37037037037037,0.392857142857143,0.407407407407407,0.80026455026455,0.386861313868613,0.1,0,0
"5205",24,8,0,0,0.142857142857143,0.25,0.142857142857143,0.392857142857143,0.326693227091633,0,0,0
"5206",88,25,0,3,0.304347826086957,0.36,0.478260869565217,0.838260869565217,0.279503105590062,0.142857142857143,0,0.142857142857143
"5207",273,64,0,15,0.35,0.390625,0.55,0.940625,0.322456813819578,0.142857142857143,0,0.142857142857143
"5208",15,4,0,0,0.25,0.25,0.25,0.5,0.329166666666667,0,0,0
"5209",270,72,0,16,0.276923076923077,0.323943661971831,0.523076923076923,0.847020585048754,0.365358592692828,0.222222222222222,0,0.222222222222222
"5210",110,20,0,3,0.277777777777778,0.35,0.388888888888889,0.738888888888889,0.33757225433526,0,0.2,0
"5211",83,21,0,2,0.117647058823529,0.285714285714286,0.117647058823529,0.403361344537815,0.297297297297297,0,0,0
"5212",52,14,0,1,0.272727272727273,0.428571428571429,0.363636363636364,0.792207792207792,0.321428571428571,0.333333333333333,0,0
"5213",103,23,0,6,0.411764705882353,0.5,0.529411764705882,1.02941176470588,0.284237726098191,0.285714285714286,0,0
"5214",267,64,0,7,0.254545454545455,0.349206349206349,0.381818181818182,0.731024531024531,0.297029702970297,0.285714285714286,0,0.0714285714285714
"5215",380,100,1,14,0.266666666666667,0.33,0.488888888888889,0.818888888888889,0.323215289488477,0.0833333333333333,0,0.25
"5216",87,25,0,3,0.136363636363636,0.208333333333333,0.272727272727273,0.481060606060606,0.272727272727273,0,0,0.333333333333333
"5217",81,21,0,3,0.157894736842105,0.238095238095238,0.157894736842105,0.395989974937343,0.322429906542056,0,0,0
"5218",99,28,0,1,0.173913043478261,0.296296296296296,0.173913043478261,0.470209339774557,0.294017094017094,0,0,0
"5219",75,19,0,1,0.266666666666667,0.421052631578947,0.333333333333333,0.754385964912281,0.2997542997543,0.25,0,0
"5220",301,75,0,3,0.211267605633803,0.243243243243243,0.295774647887324,0.539017891130567,0.315441176470588,0.2,0,0.0666666666666667
"5221",294,73,0,8,0.222222222222222,0.315068493150685,0.412698412698413,0.727766905849098,0.304713804713805,0.214285714285714,0,0.214285714285714
"5222",55,15,0,3,0.466666666666667,0.466666666666667,0.6,1.06666666666667,0.346534653465347,0.285714285714286,0,0
"5223",293,76,0,2,0.181818181818182,0.28,0.181818181818182,0.461818181818182,0.275816993464052,0,0,0
"5224",126,30,0,1,0.172413793103448,0.2,0.172413793103448,0.372413793103448,0.261904761904762,0,0,0
"5225",78,22,0,2,0.285714285714286,0.318181818181818,0.476190476190476,0.794372294372294,0.296718972895863,0.166666666666667,0,0.166666666666667
"5226",114,29,0,6,0.307692307692308,0.379310344827586,0.423076923076923,0.802387267904509,0.313703284258211,0,0,0.125
"5227",30,7,0,3,0.5,0.571428571428571,0.75,1.32142857142857,0.314220183486239,0.5,0,0
"5228",71,21,0,4,0.263157894736842,0.333333333333333,0.578947368421053,0.912280701754386,0.30952380952381,0.6,0,0.2
"5229",192,52,0,7,0.276595744680851,0.326923076923077,0.382978723404255,0.709901800327332,0.318681318681319,0.384615384615385,0,0
"5230",156,37,0,4,0.272727272727273,0.351351351351351,0.424242424242424,0.775593775593776,0.363534675615213,0.222222222222222,0,0.111111111111111
"5231",102,29,0,5,0.296296296296296,0.310344827586207,0.62962962962963,0.939974457215837,0.278372591006424,0,0,0.375
"5232",75,21,0,0,0.157894736842105,0.238095238095238,0.210526315789474,0.448621553884712,0.284069097888676,0.333333333333333,0,0
"5233",120,27,0,1,0.166666666666667,0.259259259259259,0.166666666666667,0.425925925925926,0.29987293519695,0,0,0
"5234",205,52,0,10,0.390243902439024,0.5,0.634146341463415,1.13414634146341,0.311688311688312,0.25,0,0.125
"5235",151,38,0,4,0.193548387096774,0.342105263157895,0.258064516129032,0.600169779286927,0.358490566037736,0,0.166666666666667,0
"5236",383,102,0,14,0.315217391304348,0.382352941176471,0.41304347826087,0.79539641943734,0.312649164677804,0.0344827586206897,0.0344827586206897,0.0689655172413793
"5237",19,5,0,0,0.4,0.4,0.4,0.8,0.377622377622378,0,0,0
"5238",30,7,0,4,0.5,0.571428571428571,1.5,2.07142857142857,0.384615384615385,0,0,0.666666666666667
"5239",112,28,0,0,0.230769230769231,0.285714285714286,0.269230769230769,0.554945054945055,0.327272727272727,0.166666666666667,0,0
"5240",106,29,0,1,0.222222222222222,0.275862068965517,0.259259259259259,0.535121328224776,0.343470483005367,0.166666666666667,0,0
"5241",9,3,0,0,0,0,0,0,0.466666666666667,0,0,0
"5242",309,73,0,3,0.183098591549296,0.191780821917808,0.183098591549296,0.374879413467104,0.307692307692308,0,0,0
"5243",4,1,0,1,1,1,3,4,0.307553956834532,0,1,0
"5244",66,18,0,3,0.266666666666667,0.333333333333333,0.266666666666667,0.6,0.333965844402277,0,0,0
"5245",35,10,0,4,0.444444444444444,0.5,0.555555555555556,1.05555555555556,0.332167832167832,0.25,0,0
"5246",281,79,0,13,0.315068493150685,0.350649350649351,0.438356164383562,0.789005515032912,0.320437670965221,0.260869565217391,0,0.0434782608695652
"5247",305,81,0,11,0.318840579710145,0.4,0.492753623188406,0.892753623188406,0.329411764705882,0.272727272727273,0,0.0909090909090909
"5248",56,16,0,3,0.357142857142857,0.375,0.5,0.875,0.319294809010774,0.4,0,0
"5249",302,73,0,6,0.241935483870968,0.356164383561644,0.338709677419355,0.694874060980999,0.305204648812532,0.2,0,0.0666666666666667
"5250",138,31,0,3,0.185185185185185,0.290322580645161,0.296296296296296,0.586618876941458,0.308529945553539,0,0,0.2
"5251",66,15,0,1,0.230769230769231,0.333333333333333,0.230769230769231,0.564102564102564,0.269633507853403,0,0,0
"5252",377,106,0,12,0.229166666666667,0.30188679245283,0.34375,0.64563679245283,0.304704595185996,0.227272727272727,0,0.0909090909090909
"5253",128,32,0,7,0.181818181818182,0.40625,0.363636363636364,0.769886363636364,0.243243243243243,0.25,0,0.25
"5254",58,15,0,3,0.285714285714286,0.333333333333333,0.357142857142857,0.69047619047619,0.383928571428571,0.25,0,0
"5255",293,69,0,7,0.25,0.304347826086957,0.3125,0.616847826086957,0.267123287671233,0.0625,0,0.0625
"5256",74,16,0,0,0.166666666666667,0.3125,0.166666666666667,0.479166666666667,0.280748663101604,0,0,0
"5257",68,15,0,2,0.285714285714286,0.333333333333333,0.5,0.833333333333333,0.365853658536585,0,0,0.25
"5258",57,13,0,0,0.333333333333333,0.384615384615385,0.333333333333333,0.717948717948718,0.365853658536585,0,0,0
"5259",272,65,0,14,0.363636363636364,0.446153846153846,0.527272727272727,0.973426573426573,0.324175824175824,0.15,0,0.1
"5260",112,29,0,7,0.333333333333333,0.448275862068966,0.625,1.07327586206897,0.395061728395062,0,0.25,0.125
"5261",77,19,0,4,0.352941176470588,0.368421052631579,0.470588235294118,0.839009287925697,0.322222222222222,0.333333333333333,0,0
"5262",33,9,0,0,0.375,0.444444444444444,0.5,0.944444444444444,0.272727272727273,0.333333333333333,0,0
"5263",80,22,0,5,0.3,0.363636363636364,0.65,1.01363636363636,0.361266294227188,0.166666666666667,0,0.333333333333333
"5264",102,24,0,5,0.428571428571429,0.5,0.523809523809524,1.02380952380952,0.309477756286267,0.222222222222222,0,0
"5265",51,11,0,2,0.5,0.636363636363636,0.625,1.26136363636364,0.316753926701571,0.25,0,0
"5266",417,105,0,4,0.21,0.240384615384615,0.29,0.530384615384615,0.28,0.0952380952380952,0,0.0952380952380952
"5267",154,35,1,8,0.269230769230769,0.441176470588235,0.307692307692308,0.748868778280543,0.295454545454545,0.142857142857143,0,0
"5268",70,16,0,2,0.384615384615385,0.4375,0.461538461538462,0.899038461538462,0.296127562642369,0.2,0,0
"5269",184,47,0,4,0.261904761904762,0.340425531914894,0.428571428571429,0.768996960486322,0.3184421534937,0.363636363636364,0,0.0909090909090909
"5270",73,20,0,4,0.285714285714286,0.421052631578947,0.5,0.921052631578947,0.33112582781457,0,0,0.25
"5271",14,3,0,2,0.666666666666667,0.666666666666667,2.66666666666667,3.33333333333333,0,0,0,1
"5272",68,15,0,1,0.142857142857143,0.2,0.142857142857143,0.342857142857143,0.313432835820896,0,0,0
"5273",111,26,0,1,0.3,0.44,0.4,0.84,0.320224719101124,0.333333333333333,0,0
"5274",108,25,0,12,0.368421052631579,0.52,0.736842105263158,1.25684210526316,0.383458646616541,0.142857142857143,0,0.285714285714286
"5275",103,32,0,1,0.08,0.258064516129032,0.08,0.338064516129032,0.254098360655738,0,0,0
"5276",291,71,1,12,0.285714285714286,0.357142857142857,0.380952380952381,0.738095238095238,0.321070234113712,0.166666666666667,0,0.0555555555555556
"5277",77,20,0,2,0.277777777777778,0.35,0.333333333333333,0.683333333333333,0.300970873786408,0.2,0,0
"5278",198,51,0,5,0.288888888888889,0.372549019607843,0.4,0.772549019607843,0.28719723183391,0.153846153846154,0,0.0769230769230769
"5279",99,26,0,1,0.25,0.28,0.375,0.655,0.326170376055257,0,0,0.166666666666667
"5280",127,34,0,6,0.366666666666667,0.441176470588235,0.5,0.941176470588235,0.326086956521739,0.0909090909090909,0,0.0909090909090909
"5281",295,68,0,11,0.25,0.313432835820896,0.5,0.813432835820896,0.309895833333333,0.133333333333333,0.133333333333333,0.2
"5282",62,17,0,4,0.3125,0.352941176470588,0.5,0.852941176470588,0.335380835380835,0,0,0.2
"5283",77,15,0,2,0.285714285714286,0.333333333333333,0.428571428571429,0.761904761904762,0.444444444444444,0,0.25,0
"5284",181,42,0,7,0.28125,0.452380952380952,0.40625,0.858630952380952,0.317073170731707,0.111111111111111,0,0.111111111111111
"5285",134,35,0,2,0.193548387096774,0.228571428571429,0.193548387096774,0.422119815668203,0.267123287671233,0,0,0
"5286",95,20,0,4,0.466666666666667,0.55,0.666666666666667,1.21666666666667,0.25,0,0,0.142857142857143
"5287",176,44,0,9,0.358974358974359,0.431818181818182,0.512820512820513,0.944638694638695,0.327800829875519,0.214285714285714,0,0.0714285714285714
"5288",224,58,0,18,0.433962264150943,0.482758620689655,0.679245283018868,1.16200390370852,0.324022346368715,0.217391304347826,0.0434782608695652,0.0869565217391304
"5289",22,7,0,3,0.571428571428571,0.571428571428571,1.14285714285714,1.71428571428571,0.310734463276836,0.25,0,0.25
"5290",150,31,0,1,0.241379310344828,0.266666666666667,0.275862068965517,0.542528735632184,0.335120643431635,0.142857142857143,0,0
"5291",87,23,0,3,0.19047619047619,0.260869565217391,0.380952380952381,0.641821946169772,0.312101910828025,0.25,0,0.25
"5292",85,19,0,1,0.235294117647059,0.315789473684211,0.470588235294118,0.786377708978328,0.331797235023041,0.25,0,0.25
"5293",188,46,0,11,0.368421052631579,0.478260869565217,0.657894736842105,1.13615560640732,0.325334821428571,0.142857142857143,0,0.214285714285714
"5294",150,35,0,6,0.4,0.4,0.857142857142857,1.25714285714286,0.30379746835443,0.0714285714285714,0,0.357142857142857
"5295",23,7,0,1,0.4,0.571428571428571,0.4,0.971428571428571,0.325581395348837,0,0,0
"5296",65,13,0,5,0.5,0.615384615384615,0.5,1.11538461538462,0.294117647058824,0,0,0
"5297",164,38,0,1,0.194444444444444,0.236842105263158,0.277777777777778,0.514619883040936,0.308720560152769,0,0,0.142857142857143
"5298",215,51,0,7,0.333333333333333,0.411764705882353,0.422222222222222,0.833986928104575,0.371428571428571,0.266666666666667,0,0
"5299",186,46,0,16,0.390243902439024,0.456521739130435,0.634146341463415,1.09066808059385,0.316011235955056,0.0625,0,0.1875
"5300",152,38,0,8,0.2,0.368421052631579,0.3,0.668421052631579,0.333333333333333,0,0,0.166666666666667
"5301",293,77,1,6,0.293333333333333,0.311688311688312,0.373333333333333,0.685021645021645,0.279187817258883,0.0454545454545455,0.0454545454545455,0.0454545454545455
"5302",24,7,0,3,0.6,0.714285714285714,0.8,1.51428571428571,0.352112676056338,0.333333333333333,0,0
"5303",70,20,0,7,0.529411764705882,0.55,0.588235294117647,1.13823529411765,0.471698113207547,0.111111111111111,0,0
"5304",96,26,0,1,0.173913043478261,0.24,0.217391304347826,0.457391304347826,0.32398316970547,0.25,0,0
